Date,airport_sum,airport_pc,airport_mobile,bay_sum,bay_pc,bay_mobile,bridge_sum,bridge_pc,bridge_mobile,hk_sum,hk_pc,hk_mobile,hk_food_sum,hk_food_pc,hk_food_mobile,hk_hotel_sum,hk_hotel_pc,hk_hotel_mobile,hk_map_sum,hk_map_pc,hk_map_mobile,hk_metro_sum,hk_metro_pc,hk_metro_mobile,hk_shopping_sum,hk_shopping_pc,hk_shopping_mobile,hk_show_sum,hk_show_pc,hk_show_mobile,hk_weather_sum,hk_weather_pc,hk_weather_mobile,lowu_sum,lowu_pc,lowu_mobile
2023-01-01,234,80,154,268,76,192,1465,250,1215,6189,872,5317,202,68,134,150,59,91,657,139,518,433,106,327,73,0,73,205,74,131,1660,202,1458,229,70,159
2023-01-02,314,114,200,301,95,206,1422,287,1135,6173,892,5281,193,68,125,168,72,96,772,159,613,444,97,347,139,61,78,223,72,151,1984,343,1641,257,83,174
2023-01-03,342,139,203,402,183,219,1547,430,1117,6507,1154,5353,229,80,149,188,83,105,771,222,549,520,179,341,140,66,74,217,85,132,2114,374,1740,340,125,215
2023-01-04,349,137,212,401,177,224,1965,613,1352,6351,1197,5154,233,78,155,200,85,115,720,223,497,539,195,344,161,70,91,205,74,131,1981,374,1607,379,148,231
2023-01-05,406,158,248,751,285,466,2091,667,1424,7378,1577,5801,211,80,131,216,93,123,862,276,586,670,202,468,145,72,73,308,121,187,2003,367,1636,537,204,333
2023-01-06,365,148,217,775,316,459,1945,540,1405,6481,1194,5287,238,78,160,190,95,95,779,251,528,743,212,531,137,61,76,269,95,174,2295,354,1941,444,152,292
2023-01-07,318,104,214,520,158,362,1768,354,1414,6393,914,5479,217,70,147,181,76,105,730,177,553,603,152,451,150,63,87,239,72,167,2633,323,2310,412,120,292
2023-01-08,389,120,269,682,188,494,2059,357,1702,7260,956,6304,259,83,176,194,76,118,931,179,752,733,154,579,162,66,96,276,72,204,2777,343,2434,728,170,558
2023-01-09,397,140,257,604,228,376,2186,566,1620,6901,1346,5555,273,97,176,214,104,110,974,293,681,775,237,538,168,64,104,291,93,198,2880,475,2405,542,173,369
2023-01-10,384,123,261,508,202,306,1945,526,1419,6752,1190,5562,272,102,170,253,106,147,917,274,643,821,247,574,161,70,91,290,110,180,2964,467,2497,405,152,253
2023-01-11,393,154,239,441,163,278,1773,430,1343,6281,1057,5224,235,74,161,240,102,138,837,278,559,736,222,514,150,61,89,235,74,161,2866,400,2466,396,157,239
2023-01-12,369,127,242,485,184,301,1795,454,1341,6820,1081,5739,249,63,186,234,108,126,1023,310,713,1073,347,726,157,68,89,245,104,141,3096,439,2657,394,142,252
2023-01-13,394,151,243,460,191,269,1699,417,1282,6701,1039,5662,233,82,151,214,89,125,960,282,678,826,234,592,161,78,83,294,83,211,3722,506,3216,358,137,221
2023-01-14,359,125,234,361,112,249,1709,304,1405,6817,904,5913,252,72,180,185,80,105,874,191,683,685,163,522,152,68,84,315,80,235,4056,389,3667,364,95,269
2023-01-15,380,137,243,356,99,257,1714,267,1447,7675,900,6775,244,70,174,210,80,130,914,190,724,803,173,630,160,68,92,280,74,206,4389,419,3970,324,99,225
2023-01-16,361,137,224,411,168,243,1807,447,1360,7276,1031,6245,269,80,189,182,83,99,954,251,703,711,182,529,161,74,87,276,89,187,4007,510,3497,308,110,198
2023-01-17,347,127,220,344,127,217,1815,374,1441,7414,999,6415,221,70,151,222,99,123,862,231,631,691,208,483,152,78,74,303,108,195,3696,417,3279,297,104,193
2023-01-18,331,112,219,326,121,205,1778,338,1440,6514,948,5566,246,76,170,184,78,106,770,220,550,655,180,475,157,70,87,244,80,164,3310,386,2924,298,102,196
2023-01-19,326,104,222,358,102,256,1683,310,1373,6534,924,5610,238,76,162,206,85,121,861,197,664,694,152,542,161,70,91,235,80,155,3014,315,2699,302,102,200
2023-01-20,281,82,199,331,99,232,1560,234,1326,5783,872,4911,256,76,180,188,66,122,732,204,528,644,120,524,153,64,89,222,59,163,3006,285,2721,268,78,190
2023-01-21,234,80,154,271,95,176,1255,146,1109,5067,557,4510,185,63,122,158,61,97,590,125,465,560,87,473,141,59,82,194,59,135,2635,165,2470,253,80,173
2023-01-22,272,76,196,270,66,204,1722,125,1597,5386,602,4784,223,61,162,189,74,115,691,137,554,571,112,459,143,61,82,207,59,148,3174,234,2940,272,72,200
2023-01-23,248,74,174,305,74,231,2561,188,2373,6051,671,5380,230,72,158,175,78,97,836,148,688,629,104,525,156,61,95,202,70,132,3815,229,3586,296,74,222
2023-01-24,297,83,214,332,72,260,2435,216,2219,6472,755,5717,223,68,155,206,72,134,823,166,657,739,123,616,168,59,109,178,70,108,4432,285,4147,365,78,287
2023-01-25,288,74,214,461,91,370,2712,225,2487,6521,808,5713,253,64,189,189,64,125,878,152,726,754,108,646,166,61,105,202,61,141,3970,299,3671,372,76,296
2023-01-26,335,89,246,454,85,369,3463,383,3080,6820,845,5975,225,59,166,191,66,125,888,165,723,773,129,644,163,63,100,216,61,155,3494,270,3224,395,76,319
2023-01-27,341,89,252,420,82,338,3295,392,2903,6615,859,5756,270,72,198,185,68,117,871,186,685,807,154,653,143,59,84,202,61,141,3529,259,3270,399,82,317
2023-01-28,374,112,262,459,121,338,2965,648,2317,6967,968,5999,265,91,174,244,95,149,1004,231,773,845,218,627,173,76,97,239,76,163,3912,447,3465,425,101,324
2023-01-29,316,114,202,706,157,549,2598,571,2027,6480,987,5493,245,85,160,244,95,149,1010,323,687,850,218,632,175,76,99,243,82,161,3866,437,3429,500,110,390
2023-01-30,340,131,209,551,154,397,2373,538,1835,6475,1189,5286,269,95,174,231,118,113,1175,375,800,921,273,648,179,93,86,241,97,144,3912,470,3442,470,150,320
2023-01-31,345,125,220,478,148,330,2258,546,1712,7245,1218,6027,289,99,190,252,108,144,1081,323,758,929,270,659,177,72,105,264,104,160,3964,502,3462,497,146,351
2023-02-01,359,144,215,465,183,282,2436,704,1732,6782,1150,5632,254,76,178,248,114,134,1160,380,780,956,260,696,148,66,82,287,104,183,4040,526,3514,595,176,419
2023-02-02,357,133,224,484,165,319,2206,554,1652,7871,1318,6553,269,76,193,205,83,122,1183,340,843,1044,304,740,183,83,100,281,85,196,4119,523,3596,873,281,592
2023-02-03,442,172,270,496,183,313,2399,671,1728,9239,1939,7300,334,112,222,319,137,182,1320,450,870,1253,394,859,218,106,112,373,152,221,4243,547,3696,919,301,618
2023-02-04,365,131,234,351,110,241,2578,409,2169,8120,938,7182,321,80,241,234,83,151,1082,220,862,1071,223,848,173,68,105,266,74,192,4433,377,4056,496,108,388
2023-02-05,379,120,259,405,91,314,2019,358,1661,7354,898,6456,281,66,215,242,80,162,1068,208,860,1033,188,845,175,78,97,276,70,206,4224,369,3855,551,125,426
2023-02-06,486,169,317,564,191,373,2607,751,1856,8388,1632,6756,290,97,193,316,158,158,1427,552,875,1376,490,886,204,95,109,337,120,217,4699,633,4066,1242,363,879
2023-02-07,439,158,281,520,179,341,3194,865,2329,8161,1442,6719,286,101,185,230,102,128,1341,467,874,1274,397,877,208,95,113,328,116,212,4776,678,4098,947,257,690
2023-02-08,515,163,352,477,169,308,3508,878,2630,7760,1347,6413,277,82,195,264,123,141,1377,506,871,1349,457,892,210,93,117,334,135,199,5400,724,4676,702,204,498
2023-02-09,552,161,391,472,176,296,3712,880,2832,8204,1353,6851,314,112,202,265,118,147,1405,533,872,1299,419,880,251,106,145,322,137,185,5163,712,4451,628,168,460
2023-02-10,633,144,489,524,179,345,3145,843,2302,7832,1585,6247,327,121,206,271,104,167,1354,484,870,1332,428,904,209,83,126,275,99,176,5036,648,4388,676,157,519
2023-02-11,525,121,404,500,127,373,3177,616,2561,8014,929,7085,290,78,212,243,89,154,1140,262,878,1171,218,953,197,74,123,269,87,182,4776,423,4353,682,110,572
2023-02-12,694,120,574,482,87,395,3433,575,2858,8007,946,7061,309,78,231,232,91,141,1137,254,883,1143,222,921,203,80,123,267,72,195,5135,476,4659,675,87,588
2023-02-13,424,165,259,465,169,296,3413,892,2521,8048,1550,6498,308,106,202,280,135,145,1357,490,867,1326,431,895,210,97,113,323,133,190,5331,758,4573,586,172,414
2023-02-14,354,137,217,414,169,245,3247,771,2476,7452,1235,6217,282,106,176,282,131,151,1307,461,846,1243,367,876,201,95,106,274,104,170,5417,703,4714,580,150,430
2023-02-15,366,157,209,448,161,287,3472,850,2622,7255,1294,5961,267,97,170,267,116,151,1349,490,859,1322,448,874,203,93,110,296,106,190,5038,685,4353,544,151,393
2023-02-16,453,166,287,456,158,298,3313,877,2436,7996,1410,6586,299,110,189,275,123,152,1341,465,876,1291,391,900,205,83,122,324,131,193,5133,713,4420,552,152,400
2023-02-17,387,144,243,522,177,345,2965,744,2221,7489,1298,6191,291,110,181,260,97,163,1347,482,865,1335,434,901,191,85,106,318,97,221,4897,656,4241,632,166,466
2023-02-18,322,97,225,471,116,355,3074,487,2587,7746,952,6794,298,76,222,260,87,173,1134,240,894,1174,220,954,204,82,122,317,82,235,4438,417,4021,630,101,529
2023-02-19,378,97,281,428,95,333,2813,456,2357,7460,919,6541,294,82,212,240,85,155,1102,219,883,1159,225,934,205,70,135,304,80,224,4433,375,4058,701,120,581
2023-02-20,405,146,259,454,163,291,3299,861,2438,7381,1401,5980,281,110,171,296,133,163,1356,493,863,1409,526,883,273,151,122,331,139,192,4484,651,3833,506,139,367
2023-02-21,392,133,259,447,155,292,3206,860,2346,8144,1530,6614,320,127,193,294,127,167,1461,569,892,1255,371,884,214,102,112,324,121,203,4743,737,4006,488,135,353
2023-02-22,397,158,239,460,154,306,3248,844,2404,8058,1481,6577,292,108,184,305,148,157,1492,597,895,1304,419,885,212,104,108,406,144,262,4480,687,3793,538,152,386
2023-02-23,387,151,236,494,179,315,2998,735,2263,8550,1532,7018,282,93,189,305,131,174,1425,532,893,1395,492,903,218,95,123,287,106,181,4356,639,3717,545,154,391
2023-02-24,428,161,267,508,157,351,2649,650,1999,7656,1367,6289,298,102,196,257,112,145,1420,521,899,1332,423,909,208,87,121,325,110,215,4475,675,3800,604,175,429
2023-02-25,345,95,250,433,95,338,2328,388,1940,11865,1438,10427,307,95,212,251,97,154,1263,343,920,1164,202,962,196,68,128,262,91,171,4517,481,4036,567,120,447
2023-02-26,313,101,212,398,91,307,2516,478,2038,10980,1226,9754,276,68,208,223,74,149,1177,264,913,1101,191,910,183,66,117,276,76,200,4253,392,3861,529,85,444
2023-02-27,401,170,231,450,154,296,2977,848,2129,14309,3853,10456,314,112,202,278,127,151,1472,597,875,1371,476,895,216,104,112,371,137,234,4515,689,3826,471,151,320
2023-02-28,403,140,263,421,146,275,2980,806,2174,12073,2526,9547,317,118,199,297,139,158,1402,516,886,1276,402,874,212,106,106,361,137,224,4324,685,3639,470,150,320
2023-03-01,428,176,252,382,140,242,2709,699,2010,9342,1727,7615,294,95,199,277,110,167,1352,471,881,1311,419,892,214,91,123,335,146,189,4233,586,3647,448,140,308
2023-03-02,409,170,239,419,139,280,3024,780,2244,9004,1602,7402,312,112,200,278,127,151,1434,551,883,1348,436,912,207,95,112,337,123,214,4224,580,3644,432,123,309
2023-03-03,394,144,250,467,158,309,2819,823,1996,10926,2195,8731,301,121,180,304,127,177,1458,551,907,1356,430,926,208,89,119,322,104,218,4226,634,3592,493,110,383
2023-03-04,354,118,236,446,91,355,2737,409,2328,8605,962,7643,293,87,206,213,78,135,1180,271,909,1169,213,956,177,78,99,282,68,214,4234,363,3871,556,101,455
2023-03-05,337,99,238,398,72,326,2919,488,2431,7681,916,6765,296,82,214,241,80,161,1166,264,902,1118,193,925,180,68,112,302,80,222,3828,332,3496,528,82,446
2023-03-06,384,152,232,417,161,256,2975,763,2212,8252,1586,6666,310,99,211,288,137,151,1379,519,860,1286,403,883,221,91,130,324,116,208,4251,732,3519,465,118,347
2023-03-07,378,151,227,429,159,270,3174,860,2314,8732,1586,7146,316,108,208,272,121,151,1436,560,876,1267,385,882,208,89,119,302,106,196,3860,611,3249,420,146,274
2023-03-08,376,133,243,375,139,236,2983,667,2316,7432,1237,6195,283,102,181,260,112,148,1264,412,852,1180,330,850,200,78,122,298,97,201,3855,518,3337,412,112,300
2023-03-09,402,152,250,403,146,257,3048,645,2403,8193,1315,6878,348,101,247,276,129,147,1368,510,858,1236,367,869,184,76,108,292,91,201,4481,734,3747,472,142,330
2023-03-10,378,133,245,450,151,299,3036,642,2394,8289,1388,6901,294,99,195,255,106,149,1354,484,870,1300,411,889,167,74,93,279,82,197,4553,720,3833,484,137,347
2023-03-11,309,95,214,388,104,284,3097,470,2627,8695,948,7747,306,78,228,253,87,166,1182,262,920,1143,186,957,224,85,139,324,74,250,4101,357,3744,434,76,358
2023-03-12,338,82,256,431,93,338,3012,475,2537,8483,930,7553,315,91,224,233,97,136,1173,256,917,1111,198,913,172,68,104,296,72,224,4868,391,4477,470,87,383
2023-03-13,411,168,243,392,151,241,3223,740,2483,8215,1493,6722,355,123,232,305,139,166,1359,478,881,1302,431,871,181,76,105,297,108,189,5650,836,4814,436,133,303
2023-03-14,413,142,271,399,170,229,3065,664,2401,8201,1438,6763,311,102,209,259,129,130,1394,502,892,1285,406,879,203,82,121,287,97,190,5354,830,4524,385,118,267
2023-03-15,388,177,211,402,155,247,3385,772,2613,7599,1359,6240,323,114,209,265,118,147,1391,509,882,1285,416,869,205,97,108,298,101,197,5315,842,4473,418,133,285
2023-03-16,419,163,256,407,139,268,3172,661,2511,8203,1429,6774,372,137,235,298,140,158,1410,519,891,1237,361,876,197,95,102,280,83,197,5727,857,4870,417,125,292
2023-03-17,374,127,247,469,161,308,3044,640,2404,8001,1417,6584,356,137,219,262,108,154,1426,546,880,1337,430,907,182,78,104,372,101,271,6263,880,5383,480,135,345
2023-03-18,368,97,271,460,127,333,2924,383,2541,8063,931,7132,328,93,235,251,87,164,1199,270,929,1169,205,964,189,70,119,463,87,376,5640,554,5086,513,104,409
2023-03-19,336,91,245,421,101,320,3095,453,2642,7637,915,6722,303,72,231,240,95,145,1197,282,915,1106,200,906,187,68,119,416,76,340,6609,501,6108,464,74,390
2023-03-20,419,166,253,419,176,243,3504,814,2690,7511,1348,6163,314,108,206,323,155,168,1438,540,898,1336,448,888,208,91,117,425,133,292,7470,987,6483,415,133,282
2023-03-21,391,148,243,407,157,250,3962,868,3094,7810,1393,6417,354,123,231,280,118,162,1411,513,898,1299,409,890,221,87,134,393,125,268,7811,978,6833,401,116,285
2023-03-22,435,165,270,427,150,277,3914,844,3070,8723,1570,7153,389,137,252,339,157,182,1553,600,953,1385,487,898,197,82,115,387,123,264,8271,1075,7196,455,129,326
2023-03-23,458,169,289,447,148,299,3672,783,2889,9577,1741,7836,487,159,328,362,159,203,1576,603,973,1367,459,908,226,85,141,444,137,307,8827,1096,7731,484,158,326
2023-03-24,475,175,300,490,176,314,3281,791,2490,8595,1647,6948,444,146,298,333,144,189,1455,507,948,1395,450,945,228,93,135,648,137,511,9750,1263,8487,443,137,306
2023-03-25,387,114,273,420,104,316,3104,399,2705,8381,977,7404,399,87,312,257,78,179,1193,253,940,1174,205,969,191,68,123,697,91,606,11448,901,10547,451,99,352
2023-03-26,402,110,292,382,76,306,3188,516,2672,7562,940,6622,350,80,270,255,95,160,1157,236,921,1088,188,900,183,68,115,504,89,415,9200,760,8440,372,72,300
2023-03-27,427,154,273,467,159,308,3354,853,2501,7661,1560,6101,316,108,208,338,158,180,1428,544,884,1306,428,878,213,91,122,440,116,324,8716,1029,7687,381,150,231
2023-03-28,415,161,254,398,151,247,3506,842,2664,7817,1458,6359,306,101,205,309,157,152,1412,537,875,1288,436,852,185,72,113,332,108,224,7698,985,6713,395,127,268
2023-03-29,411,150,261,386,157,229,3524,837,2687,7544,1509,6035,331,114,217,294,135,159,1420,546,874,1297,445,852,196,78,118,381,114,267,8125,1009,7116,383,131,252
2023-03-30,384,152,232,422,159,263,3683,862,2821,8119,1532,6587,342,127,215,266,125,141,1424,540,884,1244,377,867,193,85,108,373,125,248,8114,1093,7021,373,118,255
2023-03-31,367,155,212,427,135,292,3141,718,2423,7658,1423,6235,307,104,203,288,127,161,1360,462,898,1250,349,901,190,93,97,382,137,245,9047,1176,7871,425,140,285
2023-04-01,480,140,340,416,78,338,3017,445,2572,8184,959,7225,386,101,285,254,97,157,1207,267,940,1159,191,968,223,68,155,459,80,379,7587,718,6869,433,89,344
2023-04-02,432,131,301,394,102,292,3193,484,2709,7906,941,6965,326,72,254,276,97,179,1187,254,933,1106,182,924,188,66,122,456,87,369,7120,572,6548,354,85,269
2023-04-03,674,274,400,394,155,239,3119,758,2361,7681,1496,6185,335,121,214,316,151,165,1493,582,911,1295,447,848,203,85,118,405,142,263,7210,999,6211,381,104,277
2023-04-04,504,191,313,392,133,259,3010,675,2335,8019,1449,6570,387,155,232,287,146,141,1453,544,909,1271,397,874,199,91,108,357,123,234,9070,1172,7898,420,135,285
2023-04-05,444,125,319,370,89,281,3038,502,2536,7548,956,6592,298,87,211,253,89,164,1259,319,940,1105,209,896,181,68,113,304,76,228,8045,695,7350,386,91,295
2023-04-06,441,172,269,444,170,274,3037,676,2361,7622,1495,6127,334,120,214,308,151,157,1478,569,909,1301,428,873,182,93,89,330,112,218,7249,967,6282,384,106,278
2023-04-07,387,148,239,452,157,295,2871,670,2201,7075,1418,5657,324,110,214,307,146,161,1403,512,891,1286,420,866,211,85,126,369,154,215,6120,903,5217,381,112,269
2023-04-08,363,120,243,408,101,307,3072,422,2650,7346,947,6399,292,89,203,287,104,183,1231,299,932,1162,237,925,194,85,109,271,68,203,5678,609,5069,407,87,320
2023-04-09,378,101,277,429,78,351,3233,487,2746,7098,928,6170,297,78,219,269,95,174,1197,265,932,1133,218,915,167,63,104,284,76,208,6596,627,5969,409,74,335
2023-04-10,458,169,289,577,193,384,3353,741,2612,7970,1588,6382,383,121,262,335,162,173,1609,684,925,1426,524,902,219,104,115,370,131,239,6656,947,5709,542,123,419
2023-04-11,397,163,234,516,168,348,3441,771,2670,7885,1432,6453,345,116,229,351,165,186,1514,599,915,1449,532,917,227,97,130,313,118,195,6400,898,5502,487,150,337
2023-04-12,423,177,246,439,159,280,3706,844,2862,7323,1418,5905,374,114,260,367,166,201,1586,648,938,1458,504,954,231,76,155,310,112,198,6305,934,5371,467,150,317
2023-04-13,416,168,248,397,148,249,3452,827,2625,7743,1460,6283,360,133,227,331,151,180,1547,617,930,1501,555,946,219,85,134,308,116,192,6813,936,5877,435,129,306
2023-04-14,441,163,278,446,144,302,3292,696,2596,7335,1298,6037,360,129,231,303,127,176,1506,588,918,1443,479,964,227,102,125,428,133,295,6854,930,5924,468,131,337
2023-04-15,419,112,307,448,99,349,3210,502,2708,7456,928,6528,320,93,227,269,85,184,1211,273,938,1388,239,1149,215,74,141,441,85,356,6009,588,5421,464,78,386
2023-04-16,456,150,306,446,101,345,3316,456,2860,7757,926,6831,321,80,241,285,102,183,1173,257,916,1166,207,959,204,63,141,429,76,353,6189,557,5632,404,91,313
2023-04-17,716,279,437,397,168,229,3461,844,2617,7258,1434,5824,324,104,220,334,155,179,1513,634,879,1401,485,916,189,87,102,376,137,239,7115,969,6146,459,159,300
2023-04-18,487,202,285,375,148,227,3328,877,2451,7301,1426,5875,336,135,201,305,144,161,1485,602,883,1396,488,908,199,91,108,358,127,231,8065,987,7078,425,133,292
2023-04-19,493,173,320,384,137,247,3694,852,2842,7119,1476,5643,368,127,241,326,148,178,1454,529,925,1307,412,895,217,91,126,333,114,219,10278,1240,9038,396,133,263
2023-04-20,471,177,294,391,144,247,3427,860,2567,7227,1366,5861,382,123,259,334,137,197,1403,495,908,1319,425,894,224,89,135,315,112,203,7966,953,7013,408,127,281
2023-04-21,410,133,277,411,144,267,3369,760,2609,6925,1227,5698,362,116,246,332,135,197,1398,492,906,1316,420,896,237,82,155,408,116,292,9330,1038,8292,439,137,302
2023-04-22,375,112,263,359,91,268,3323,518,2805,7408,921,6487,340,93,247,249,95,154,1220,270,950,1138,190,948,216,78,138,429,87,342,8286,744,7542,433,95,338
2023-04-23,410,165,245,442,144,298,3497,834,2663,7135,1317,5818,383,106,277,275,108,167,1422,499,923,1276,366,910,210,78,132,443,131,312,7684,937,6747,372,120,252
2023-04-24,500,201,299,414,175,239,3299,797,2502,7075,1435,5640,321,102,219,297,121,176,1467,540,927,1278,388,890,223,82,141,313,110,203,7927,1062,6865,372,127,245
2023-04-25,428,161,267,392,157,235,3345,830,2515,7349,1374,5975,310,121,189,297,129,168,1423,533,890,1250,385,865,196,87,109,299,106,193,7877,983,6894,389,133,256
2023-04-26,486,194,292,377,158,219,3252,780,2472,6884,1293,5591,373,158,215,268,104,164,1503,591,912,1209,346,863,203,99,104,284,99,185,7620,1088,6532,388,127,261
2023-04-27,448,187,261,410,155,255,3065,704,2361,7792,1325,6467,331,125,206,290,127,163,1494,580,914,1306,431,875,181,72,109,275,93,182,7743,1002,6741,373,137,236
2023-04-28,453,162,291,477,150,327,3471,723,2748,6938,1137,5801,327,89,238,265,106,159,1455,538,917,1339,412,927,223,87,136,341,123,218,8141,950,7191,532,142,390
2023-04-29,371,89,282,525,116,409,3596,326,3270,7847,883,6964,372,80,292,265,89,176,1209,251,958,1243,225,1018,223,78,145,304,70,234,8076,620,7456,498,83,415
2023-04-30,358,97,261,516,101,415,4045,304,3741,7559,860,6699,398,74,324,246,76,170,1213,242,971,1366,209,1157,234,61,173,280,68,212,5068,426,4642,520,76,444
2023-05-01,348,91,257,452,83,369,5037,377,4660,7629,855,6774,347,66,281,230,66,164,1208,240,968,1186,190,996,238,64,174,271,68,203,4635,443,4192,453,87,366
2023-05-02,333,78,255,371,83,288,4196,417,3779,8179,912,7267,341,82,259,245,72,173,1235,274,961,1131,168,963,218,59,159,267,78,189,4430,464,3966,424,83,341
2023-05-03,403,114,289,340,83,257,3652,479,3173,7793,938,6855,359,82,277,235,80,155,1204,284,920,1092,204,888,177,72,105,258,80,178,4655,543,4112,353,93,260
2023-05-04,421,152,269,315,112,203,3158,723,2435,7487,1195,6292,357,101,256,317,157,160,1392,484,908,1224,374,850,192,97,95,344,129,215,5279,851,4428,292,102,190
2023-05-05,419,163,256,338,121,217,2987,710,2277,6984,1213,5771,335,127,208,271,123,148,1303,419,884,1188,324,864,163,74,89,474,146,328,5600,888,4712,325,127,198
2023-05-06,342,123,219,341,123,218,2902,628,2274,7009,1079,5930,309,116,193,249,101,148,1311,423,888,1217,335,882,197,87,110,491,135,356,6613,908,5705,321,99,222
2023-05-07,346,97,249,314,82,232,2609,378,2231,6826,886,5940,293,78,215,201,78,123,1166,264,902,1057,176,881,168,68,100,449,93,356,9952,808,9144,279,70,209
2023-05-08,499,169,330,324,129,195,2881,699,2182,6620,1161,5459,341,129,212,258,127,131,1361,462,899,1192,341,851,182,87,95,442,154,288,8489,976,7513,293,101,192
2023-05-09,460,137,323,328,133,195,2932,637,2295,7088,1183,5905,315,93,222,274,101,173,1422,529,893,1197,354,843,192,80,112,463,162,301,7331,931,6400,294,108,186
2023-05-10,404,151,253,317,112,205,2889,602,2287,6642,1156,5486,293,91,202,287,121,166,1367,479,888,1223,349,874,182,87,95,445,140,305,7326,941,6385,305,91,214
2023-05-11,379,137,242,351,127,224,3199,740,2459,7241,1305,5936,338,104,234,238,104,134,1414,527,887,1268,381,887,201,89,112,471,148,323,8667,1100,7567,362,127,235
2023-05-12,393,168,225,357,139,218,2719,650,2069,6245,1273,4972,296,106,190,242,120,122,1373,512,861,1304,457,847,178,76,102,458,148,310,8614,1320,7294,316,114,202
2023-05-13,370,106,264,321,83,238,2806,453,2353,7294,908,6386,315,93,222,230,89,141,1141,240,901,1179,233,946,193,68,125,575,104,471,9600,868,8732,346,76,270
2023-05-14,363,104,259,309,80,229,2776,468,2308,7074,898,6176,268,70,198,226,91,135,1155,245,910,1042,182,860,186,64,122,495,102,393,8371,805,7566,293,76,217
2023-05-15,401,137,264,375,154,221,2936,730,2206,6892,1256,5636,355,116,239,272,121,151,1293,408,885,1252,402,850,194,85,109,455,155,300,6393,918,5475,294,101,193
2023-05-16,417,151,266,331,133,198,3254,840,2414,6915,1253,5662,348,116,232,238,102,136,1344,453,891,1239,371,868,193,78,115,375,106,269,5850,914,4936,302,112,190
2023-05-17,408,137,271,327,131,196,2999,710,2289,6656,1176,5480,306,106,200,264,116,148,1359,481,878,1181,338,843,179,82,97,331,123,208,6585,940,5645,267,97,170
2023-05-18,340,135,205,313,114,199,2980,653,2327,6629,1140,5489,326,112,214,235,99,136,1344,462,882,1197,340,857,189,83,106,382,151,231,5439,889,4550,271,95,176
2023-05-19,353,139,214,344,135,209,2654,588,2066,6315,1083,5232,318,101,217,248,99,149,1287,428,859,1235,372,863,191,78,113,356,110,246,5569,911,4658,254,89,165
2023-05-20,307,101,206,316,80,236,2582,361,2221,6709,872,5837,324,78,246,215,85,130,1125,257,868,1106,194,912,179,61,118,372,80,292,4285,628,3657,306,82,224
2023-05-21,338,97,241,276,80,196,2860,388,2472,6893,877,6016,333,95,238,204,70,134,1120,231,889,1022,144,878,156,63,93,398,85,313,4609,628,3981,267,78,189
2023-05-22,345,110,235,289,97,192,2571,450,2121,6548,925,5623,310,76,234,226,85,141,1165,296,869,1040,243,797,172,72,100,390,106,284,4756,487,4269,270,93,177
2023-05-23,399,129,270,269,80,189,2569,436,2133,6355,908,5447,333,87,246,230,85,145,1198,327,871,1001,207,794,175,70,105,309,85,224,6375,595,5780,255,78,177
2023-05-24,441,140,301,284,110,174,2833,713,2120,7770,1733,6037,330,116,214,212,93,119,1357,485,872,1143,307,836,182,74,108,314,93,221,5837,919,4918,261,91,170
2023-05-25,417,135,282,313,135,178,2674,631,2043,7385,1458,5927,306,106,200,254,97,157,1351,495,856,1148,343,805,183,74,109,265,102,163,4405,871,3534,306,104,202
2023-05-26,342,118,224,337,102,235,2519,538,1981,6888,1369,5519,306,106,200,259,108,151,1311,442,869,1151,310,841,180,78,102,289,93,196,4225,857,3368,308,93,215
2023-05-27,336,93,243,303,78,225,2656,411,2245,7309,954,6355,321,82,239,221,72,149,1159,274,885,1047,176,871,177,64,113,305,66,239,3694,600,3094,311,72,239
2023-05-28,308,93,215,308,80,228,2884,462,2422,6927,894,6033,301,74,227,201,78,123,1112,228,884,1027,175,852,169,61,108,312,87,225,3768,504,3264,275,85,190
2023-05-29,361,144,217,301,104,197,2772,703,2069,6714,1348,5366,306,91,215,239,121,118,1343,476,867,1145,380,765,183,70,113,279,108,171,4767,928,3839,301,114,187
2023-05-30,341,129,212,284,116,168,2558,661,1897,6698,1234,5464,306,102,204,250,106,144,1294,450,844,996,305,691,181,82,99,285,112,173,5393,957,4436,265,101,164
2023-05-31,337,125,212,275,112,163,2351,645,1706,6109,1152,4957,292,99,193,226,108,118,1201,369,832,985,284,701,178,82,96,253,93,160,5712,971,4741,254,95,159
2023-06-01,336,154,182,267,93,174,2344,591,1753,6377,1219,5158,283,87,196,247,102,145,1213,369,844,1058,254,804,176,66,110,275,97,178,6531,955,5576,265,85,180
2023-06-02,320,120,200,328,135,193,2446,513,1933,6483,1218,5265,290,97,193,246,110,136,1339,478,861,1121,295,826,186,78,108,315,116,199,5258,951,4307,266,95,171
2023-06-03,299,91,208,265,80,185,2333,338,1995,7670,973,6697,275,72,203,212,80,132,1153,279,874,1046,163,883,185,68,117,243,76,167,4502,654,3848,292,89,203
2023-06-04,297,83,214,274,78,196,2453,377,2076,7076,928,6148,295,83,212,243,85,158,1113,231,882,1019,166,853,174,72,102,295,83,212,4396,532,3864,271,76,195
2023-06-05,365,144,221,285,114,171,2872,794,2078,7187,1388,5799,329,121,208,311,148,163,1332,471,861,1186,341,845,171,78,93,302,118,184,5368,935,4433,284,104,180
2023-06-06,356,131,225,303,144,159,2829,715,2114,7284,1333,5951,345,121,224,280,112,168,1378,504,874,1180,335,845,169,85,84,384,120,264,6570,994,5576,306,106,200
2023-06-07,350,133,217,308,135,173,3167,698,2469,7018,1205,5813,332,110,222,253,114,139,1375,504,871,1164,321,843,162,78,84,346,108,238,5948,955,4993,276,99,177
2023-06-08,345,133,212,279,121,158,3043,640,2403,7706,1246,6460,349,110,239,251,102,149,1381,509,872,1122,354,768,180,83,97,300,108,192,5684,986,4698,300,110,190
2023-06-09,336,102,234,299,131,168,2748,665,2083,7535,1186,6349,290,97,193,245,97,148,1331,471,860,1222,369,853,181,68,113,323,106,217,5734,972,4762,269,87,182
2023-06-10,288,76,212,284,89,195,2660,375,2285,7415,916,6499,297,72,225,243,95,148,1190,288,902,1092,197,895,180,63,117,378,87,291,6194,811,5383,276,80,196
2023-06-11,342,108,234,271,85,186,3621,513,3108,7590,879,6711,269,66,203,241,83,158,1147,256,891,1036,175,861,178,66,112,291,66,225,5077,710,4367,260,64,196
2023-06-12,339,150,189,294,121,173,3273,903,2370,7873,1589,6284,288,85,203,277,114,163,1528,645,883,1127,341,786,178,72,106,284,91,193,5048,943,4105,272,101,171
2023-06-13,371,152,219,283,116,167,2952,758,2194,7621,1368,6253,333,118,215,274,110,164,1384,513,871,1199,358,841,191,87,104,256,97,159,5835,945,4890,246,99,147
2023-06-14,335,127,208,274,114,160,2908,737,2171,7201,1183,6018,306,101,205,249,95,154,1370,513,857,1106,330,776,181,76,105,242,93,149,6580,979,5601,285,106,179
2023-06-15,353,129,224,270,102,168,2760,645,2115,7439,1218,6221,301,108,193,240,106,134,1356,495,861,1064,316,748,190,82,108,261,95,166,6003,963,5040,294,104,190
2023-06-16,393,146,247,288,121,167,2559,568,1991,7188,1197,5991,299,91,208,268,120,148,1388,521,867,1122,319,803,208,82,126,288,95,193,7969,1243,6726,286,93,193
2023-06-17,325,80,245,276,87,189,2628,389,2239,7712,885,6827,295,83,212,218,70,148,1137,237,900,1061,176,885,184,72,112,286,74,212,8490,875,7615,268,82,186
2023-06-18,339,110,229,273,89,184,2708,355,2353,7571,889,6682,290,78,212,230,82,148,1131,256,875,1007,146,861,172,66,106,305,76,229,6728,693,6035,302,74,228
2023-06-19,359,155,204,313,131,182,2797,671,2126,8020,1355,6665,299,78,221,284,125,159,1389,516,873,1196,361,835,178,76,102,280,106,174,6024,1007,5017,280,101,179
2023-06-20,323,120,203,295,118,177,2544,532,2012,7704,1217,6487,315,106,209,249,110,139,1403,549,854,1144,302,842,178,74,104,248,87,161,5387,954,4433,310,108,202
2023-06-21,369,140,229,288,114,174,2629,560,2069,7426,1244,6182,291,89,202,236,93,143,1380,524,856,1237,385,852,181,76,105,243,83,160,5292,919,4373,299,99,200
2023-06-22,337,99,238,288,76,212,2857,242,2615,8085,860,7225,326,78,248,208,70,138,1130,236,894,1070,155,915,182,61,121,216,64,152,5082,555,4527,304,82,222
2023-06-23,355,91,264,287,78,209,2813,336,2477,8275,886,7389,285,82,203,246,82,164,1153,245,908,1110,179,931,196,70,126,223,68,155,6294,703,5591,302,78,224
2023-06-24,353,101,252,268,78,190,2652,346,2306,8614,901,7713,282,87,195,246,91,155,1149,285,864,1060,190,870,176,68,108,229,63,166,6499,843,5656,254,74,180
2023-06-25,390,170,220,316,127,189,2492,589,1903,8090,1191,6899,306,102,204,258,101,157,1324,456,868,1155,326,829,180,68,112,254,78,176,5440,932,4508,293,91,202
2023-06-26,420,135,285,320,142,178,2518,613,1905,7840,1236,6604,314,118,196,267,106,161,1327,467,860,1115,304,811,184,72,112,265,95,170,5281,916,4365,303,108,195
2023-06-27,402,142,260,278,102,176,2627,597,2030,8091,1214,6877,323,108,215,244,93,151,1371,515,856,1208,378,830,162,70,92,243,91,152,5078,890,4188,248,89,159
2023-06-28,387,146,241,300,121,179,2664,569,2095,7959,1261,6698,330,118,212,235,91,144,1381,504,877,1195,352,843,183,87,96,236,85,151,5473,905,4568,280,106,174
2023-06-29,342,120,222,273,97,176,3121,679,2442,10353,1334,9019,301,104,197,238,102,136,1359,468,891,1178,329,849,193,80,113,306,108,198,5190,919,4271,269,95,174
2023-06-30,348,120,228,295,114,181,2737,582,2155,10156,1482,8674,310,101,209,279,114,165,1386,506,880,1228,347,881,178,74,104,507,165,342,5740,908,4832,288,95,193
2023-07-01,354,93,261,298,74,224,4041,603,3438,14933,1223,13710,365,91,274,264,85,179,1267,304,963,1132,215,917,181,66,115,515,139,376,5830,675,5155,370,78,292
2023-07-02,351,101,250,299,82,217,3304,561,2743,10706,964,9742,309,74,235,249,78,171,1199,253,946,1056,179,877,183,64,119,447,112,335,7144,800,6344,319,74,245
2023-07-03,385,146,239,300,116,184,2916,727,2189,8960,1364,7596,332,114,218,274,108,166,1388,475,913,1161,301,860,201,91,110,393,118,275,6567,931,5636,292,102,190
2023-07-04,399,150,249,312,129,183,2912,602,2310,8751,1343,7408,326,104,222,265,108,157,1415,523,892,1252,375,877,187,83,104,319,110,209,6320,945,5375,287,102,185
2023-07-05,388,135,253,317,133,184,2799,617,2182,8391,1177,7214,333,106,227,288,121,167,1473,577,896,1194,347,847,178,76,102,282,99,183,5611,922,4689,283,99,184
2023-07-06,436,151,285,300,108,192,2673,544,2129,8964,1387,7577,341,114,227,311,121,190,1433,532,901,1181,323,858,190,82,108,299,106,193,5376,925,4451,292,106,186
2023-07-07,409,125,284,317,127,190,2673,496,2177,8205,1188,7017,334,116,218,311,118,193,1443,547,896,1263,392,871,182,72,110,303,95,208,5279,903,4376,314,110,204
2023-07-08,346,101,245,297,82,215,2622,333,2289,8321,908,7413,362,89,273,270,93,177,1261,335,926,1132,215,917,198,72,126,286,80,206,5220,701,4519,282,76,206
2023-07-09,372,99,273,298,78,220,2801,329,2472,8320,891,7429,312,78,234,263,76,187,1175,254,921,1104,204,900,183,64,119,301,87,214,5358,630,4728,273,68,205
2023-07-10,423,139,284,312,123,189,2779,577,2202,7889,1210,6679,357,97,260,321,112,209,1444,529,915,1253,364,889,191,78,113,310,108,202,5958,947,5011,301,106,195
2023-07-11,443,158,285,307,127,180,2751,603,2148,8109,1315,6794,341,110,231,327,129,198,1460,543,917,1240,350,890,219,80,139,283,97,186,5942,913,5029,273,87,186
2023-07-12,373,120,253,296,104,192,2738,564,2174,7771,1186,6585,349,125,224,293,108,185,1496,575,921,1199,326,873,195,80,115,252,93,159,5989,913,5076,338,104,234
2023-07-13,394,148,246,313,131,182,2851,592,2259,7986,1189,6797,354,112,242,280,110,170,1444,521,923,1319,426,893,200,87,113,250,76,174,5993,912,5081,318,116,202
2023-07-14,410,125,285,318,131,187,2641,523,2118,7437,1131,6306,359,97,262,295,108,187,1430,509,921,1272,369,903,183,68,115,281,97,184,7426,962,6464,303,102,201
2023-07-15,360,91,269,291,82,209,2839,363,2476,7831,898,6933,344,83,261,286,87,199,1243,315,928,1139,200,939,199,64,135,280,61,219,9776,872,8904,316,70,246
2023-07-16,476,110,366,289,80,209,2989,330,2659,8134,898,7236,334,87,247,282,83,199,1197,267,930,1087,197,890,194,64,130,238,72,166,12160,890,11270,298,83,215
2023-07-17,643,182,461,447,146,301,3268,749,2519,9021,1622,7399,364,95,269,313,127,186,1517,591,926,1319,414,905,193,78,115,295,99,196,18653,2526,16127,389,116,273
2023-07-18,461,172,289,325,135,190,2934,665,2269,8368,1327,7041,342,110,232,312,127,185,1522,600,922,1263,383,880,206,89,117,312,127,185,10744,1278,9466,289,106,183
2023-07-19,380,133,247,291,102,189,2835,568,2267,7921,1236,6685,361,104,257,303,114,189,1528,605,923,1295,403,892,197,80,117,260,87,173,7305,983,6322,309,116,193
2023-07-20,389,144,245,314,125,189,2874,586,2288,8156,1235,6921,382,114,268,327,127,200,1552,608,944,1311,416,895,204,82,122,271,91,180,6465,969,5496,303,104,199
2023-07-21,442,157,285,325,123,202,2999,575,2424,7508,1100,6408,355,89,266,288,106,182,1511,575,936,1335,425,910,216,78,138,277,91,186,6197,945,5252,330,106,224
2023-07-22,389,102,287,323,80,243,2991,329,2662,7708,898,6810,389,70,319,291,101,190,1284,358,926,1169,198,971,219,72,147,313,72,241,5823,695,5128,348,85,263
2023-07-23,440,112,328,298,74,224,3014,299,2715,7738,880,6858,357,68,289,267,70,197,1261,304,957,1156,220,936,221,64,157,332,72,260,6148,727,5421,300,78,222
2023-07-24,443,166,277,318,110,208,3049,637,2412,7934,1249,6685,388,120,268,302,125,177,1533,599,934,1326,402,924,188,78,110,298,99,199,7247,990,6257,331,104,227
2023-07-25,414,137,277,334,125,209,2842,549,2293,8338,1212,7126,374,101,273,320,118,202,1451,527,924,1261,358,903,218,83,135,277,97,180,8536,1098,7438,303,102,201
2023-07-26,445,146,299,302,102,200,2799,591,2208,8279,1258,7021,403,118,285,288,106,182,1490,555,935,1275,371,904,196,74,122,264,101,163,10152,1236,8916,297,104,193
2023-07-27,404,142,262,308,127,181,3276,805,2471,8632,1208,7424,397,106,291,282,112,170,1523,608,915,1200,309,891,182,82,100,252,85,167,11702,1429,10273,318,110,208
2023-07-28,440,144,296,320,125,195,2796,594,2202,8518,1282,7236,389,120,269,297,108,189,1451,533,918,1263,364,899,207,82,125,273,89,184,11779,1484,10295,331,116,215
2023-07-29,425,108,317,298,95,203,2641,298,2343,8271,916,7355,353,80,273,286,91,195,1264,330,934,1125,197,928,202,70,132,278,76,202,12132,917,11215,287,85,202
2023-07-30,383,106,277,275,76,199,2730,302,2428,7828,880,6948,364,72,292,245,74,171,1208,265,943,1090,165,925,186,63,123,243,63,180,9464,845,8619,285,61,224
2023-07-31,431,135,296,326,137,189,2794,571,2223,7937,1216,6721,387,110,277,314,118,196,1529,594,935,1293,395,898,206,78,128,251,93,158,8808,1048,7760,310,99,211
2023-08-01,391,127,264,296,123,173,2785,560,2225,8564,1173,7391,408,116,292,318,139,179,1565,613,952,1276,371,905,211,85,126,219,76,143,7606,966,6640,294,104,190
2023-08-02,435,135,300,316,133,183,2841,535,2306,7986,1209,6777,352,95,257,283,110,173,1554,628,926,1269,378,891,238,72,166,243,91,152,6341,959,5382,282,102,180
2023-08-03,389,104,285,314,131,183,2957,613,2344,8198,1181,7017,467,123,344,315,129,186,1586,651,935,1326,423,903,208,83,125,253,87,166,6413,930,5483,338,116,222
2023-08-04,420,129,291,351,129,222,2890,544,2346,7771,1139,6632,391,99,292,299,106,193,1534,600,934,1290,360,930,221,83,138,263,85,178,6615,938,5677,341,93,248
2023-08-05,443,101,342,360,101,259,2944,319,2625,8087,915,7172,358,78,280,271,85,186,1333,385,948,1193,207,986,235,64,171,310,68,242,6555,782,5773,367,76,291
2023-08-06,390,85,305,323,74,249,2976,293,2683,7957,871,7086,357,80,277,229,66,163,1237,305,932,1132,194,938,193,63,130,288,68,220,5689,620,5069,328,83,245
2023-08-07,474,159,315,361,137,224,3191,611,2580,8168,1310,6858,393,102,291,308,112,196,1538,591,947,1351,448,903,198,76,122,271,89,182,6323,928,5395,344,106,238
2023-08-08,448,140,308,339,110,229,3121,653,2468,8114,1245,6869,402,110,292,276,89,187,1543,595,948,1303,400,903,218,101,117,269,91,178,5664,913,4751,403,118,285
2023-08-09,404,112,292,316,114,202,3030,571,2459,8092,1202,6890,363,97,266,302,129,173,1541,605,936,1322,420,902,210,82,128,249,87,162,6340,941,5399,412,99,313
2023-08-10,389,120,269,379,140,239,2891,488,2403,8239,1181,7058,379,104,275,305,116,189,1456,524,932,1310,409,901,223,78,145,203,72,131,9222,1120,8102,375,120,255
2023-08-11,438,133,305,345,106,239,2917,512,2405,8009,1177,6832,373,102,271,272,101,171,1474,547,927,1378,450,928,191,85,106,229,72,157,8141,980,7161,370,95,275
2023-08-12,364,93,271,367,87,280,2888,298,2590,8352,914,7438,384,72,312,277,99,178,1314,354,960,1193,215,978,231,74,157,243,66,177,6851,799,6052,402,78,324
2023-08-13,425,87,338,335,78,257,2973,316,2657,8356,894,7462,351,74,277,245,68,177,1261,323,938,1142,197,945,200,59,141,241,68,173,7462,820,6642,355,80,275
2023-08-14,463,144,319,394,142,252,2935,557,2378,8420,1335,7085,411,120,291,299,129,170,1539,611,928,1324,403,921,212,93,119,236,89,147,6165,938,5227,365,106,259
2023-08-15,415,144,271,314,110,204,2970,564,2406,8432,1312,7120,429,127,302,266,106,160,1469,538,931,1373,462,911,189,76,113,212,82,130,5446,909,4537,336,104,232
2023-08-16,405,142,263,348,146,202,2911,551,2360,8255,1324,6931,398,106,292,273,112,161,1520,583,937,1339,440,899,216,82,134,239,82,157,5637,920,4717,314,102,212
2023-08-17,420,146,274,330,121,209,2748,487,2261,8312,1317,6995,426,116,310,304,123,181,1458,535,923,1264,371,893,200,91,109,206,72,134,7299,999,6300,323,102,221
2023-08-18,401,155,246,370,151,219,2786,563,2223,7982,1239,6743,375,121,254,267,93,174,1433,519,914,1289,400,889,191,82,109,193,68,125,9233,1427,7806,333,114,219
2023-08-19,378,101,277,326,83,243,2671,220,2451,7710,901,6809,380,91,289,240,89,151,1207,276,931,1190,226,964,197,66,131,219,68,151,7228,862,6366,348,68,280
2023-08-20,361,104,257,326,85,241,3015,336,2679,7916,888,7028,389,72,317,246,91,155,1196,270,926,1119,177,942,195,61,134,221,64,157,5849,710,5139,321,66,255
2023-08-21,428,157,271,365,148,217,2836,566,2270,7748,1290,6458,404,112,292,291,140,151,1456,532,924,1285,386,899,176,68,108,213,74,139,5191,912,4279,307,89,218
2023-08-22,456,146,310,324,131,193,2672,530,2142,7765,1113,6652,372,102,270,264,97,167,1369,461,908,1271,377,894,205,80,125,209,70,139,4427,876,3551,326,118,208
2023-08-23,412,159,253,303,108,195,2810,639,2171,7703,1296,6407,436,142,294,244,110,134,1376,467,909,1316,405,911,215,85,130,238,80,158,4629,879,3750,324,93,231
2023-08-24,380,139,241,267,91,176,2940,679,2261,7625,1169,6456,425,110,315,241,97,144,1419,502,917,1231,333,898,202,74,128,193,68,125,5034,905,4129,315,106,209
2023-08-25,381,121,260,366,137,229,2783,622,2161,7258,1080,6178,367,97,270,278,110,168,1383,479,904,1264,366,898,184,78,106,200,70,130,4898,926,3972,309,85,224
2023-08-26,377,125,252,330,76,254,2816,385,2431,7742,907,6835,418,110,308,218,83,135,1227,296,931,1129,191,938,177,68,109,247,66,181,4538,656,3882,329,83,246
2023-08-27,348,87,261,312,66,246,2655,369,2286,7542,884,6658,389,93,296,200,68,132,1173,251,922,1079,165,914,189,61,128,225,74,151,4397,547,3850,287,68,219
2023-08-28,428,154,274,328,106,222,2674,678,1996,7912,1433,6479,375,93,282,259,120,139,1421,524,897,1245,363,882,196,70,126,223,97,126,4777,873,3904,312,106,206
2023-08-29,493,191,302,323,125,198,2608,644,1964,7717,1322,6395,430,123,307,223,108,115,1418,526,892,1193,333,860,190,80,110,200,85,115,6693,1123,5570,276,99,177
2023-08-30,464,175,289,282,97,185,2737,696,2041,7731,1337,6394,405,106,299,234,104,130,1391,499,892,1135,284,851,180,72,108,187,72,115,7821,1308,6513,274,85,189
2023-08-31,634,194,440,356,125,231,2623,693,1930,7945,1473,6472,371,114,257,214,91,123,1418,532,886,1151,304,847,154,74,80,187,66,121,11218,1617,9601,318,89,229
2023-09-01,666,215,451,508,139,369,3014,841,2173,9202,1810,7392,259,95,164,207,95,112,1388,479,909,1121,270,851,140,70,70,177,64,113,18072,2542,15530,440,99,341
2023-09-02,493,114,379,646,125,521,2502,448,2054,7498,937,6561,274,82,192,192,70,122,1182,305,877,1088,212,876,144,70,74,179,66,113,10710,906,9804,445,89,356
2023-09-03,397,120,277,277,82,195,2059,394,1665,6818,891,5927,301,82,219,187,68,119,1152,257,895,1022,169,853,160,61,99,189,66,123,6330,777,5553,245,68,177
2023-09-04,405,157,248,290,114,176,2173,639,1534,6462,1195,5267,281,89,192,238,121,117,1416,563,853,1015,302,713,160,68,92,186,76,110,5671,1012,4659,288,102,186
2023-09-05,435,190,245,291,112,179,2169,640,1529,6954,1198,5756,307,106,201,282,127,155,1335,470,865,1098,336,762,173,74,99,185,68,117,5437,955,4482,250,87,163
2023-09-06,380,144,236,275,114,161,2203,617,1586,6594,1205,5389,282,89,193,243,108,135,1329,527,802,1034,307,727,188,78,110,186,74,112,5093,899,4194,276,95,181
2023-09-07,373,154,219,294,121,173,2170,650,1520,6613,1109,5504,309,106,203,256,99,157,1334,493,841,1000,312,688,159,68,91,176,68,108,8291,1139,7152,293,108,185
2023-09-08,513,183,330,518,151,367,2026,538,1488,12114,3099,9015,309,80,229,242,108,134,1629,689,940,1487,524,963,162,66,96,179,74,105,28352,4811,23541,1021,179,842
2023-09-09,329,87,242,279,70,209,1949,324,1625,7886,986,6900,324,93,231,208,91,117,1185,298,887,1095,218,877,152,61,91,184,66,118,10630,935,9695,524,87,437
2023-09-10,348,114,234,267,83,184,2629,535,2094,7104,911,6193,338,91,247,189,80,109,1126,250,876,976,173,803,172,64,108,200,70,130,8483,841,7642,500,106,394
2023-09-11,348,114,234,307,129,178,2254,650,1604,6950,1363,5587,280,106,174,231,99,132,1366,513,853,1067,318,749,203,82,121,230,87,143,7098,1332,5766,342,104,238
2023-09-12,398,157,241,289,112,177,2415,644,1771,7117,1337,5780,333,121,212,259,116,143,1405,552,853,1062,290,772,208,89,119,215,85,130,5546,986,4560,348,131,217
2023-09-13,348,139,209,277,110,167,2444,650,1794,7078,1355,5723,294,97,197,242,104,138,1455,625,830,1085,312,773,176,80,96,202,89,113,5196,943,4253,318,104,214
2023-09-14,379,137,242,259,116,143,2524,701,1823,7217,1272,5945,314,106,208,263,131,132,1391,557,834,1022,291,731,160,74,86,184,74,110,8915,1273,7642,291,104,187
2023-09-15,397,144,253,320,127,193,2248,583,1665,7015,1317,5698,323,112,211,244,99,145,1347,499,848,1129,346,783,160,76,84,182,76,106,7599,1179,6420,304,101,203
2023-09-16,348,87,261,266,74,192,2192,383,1809,7008,916,6092,327,82,245,206,76,130,1174,299,875,1078,187,891,171,61,110,181,64,117,4940,704,4236,324,93,231
2023-09-17,366,104,262,289,89,200,2578,445,2133,7036,889,6147,348,87,261,200,78,122,1163,284,879,1025,161,864,169,59,110,208,64,144,4018,552,3466,326,85,241
2023-09-18,379,159,220,317,150,167,2575,744,1831,6769,1320,5449,309,108,201,275,118,157,1489,628,861,1205,422,783,181,85,96,170,66,104,3967,885,3082,295,102,193
2023-09-19,374,125,249,286,108,178,2588,659,1929,6794,1301,5493,303,101,202,237,101,136,1472,614,858,1151,363,788,170,83,87,202,76,126,3890,862,3028,314,114,200
2023-09-20,384,137,247,291,121,170,2510,665,1845,6576,1224,5352,334,131,203,233,114,119,1362,547,815,1189,355,834,188,83,105,213,82,131,3774,862,2912,269,95,174
2023-09-21,348,144,204,284,125,159,2572,681,1891,6653,1257,5396,320,102,218,235,97,138,1411,578,833,1227,386,841,171,78,93,180,80,100,4040,876,3164,294,114,180
2023-09-22,367,142,225,332,148,184,2371,628,1743,6510,1164,5346,293,108,185,248,114,134,1292,476,816,1195,343,852,171,78,93,195,74,121,4447,923,3524,310,112,198
2023-09-23,334,99,235,311,97,214,2219,363,1856,8296,911,7385,304,76,228,202,74,128,1123,267,856,1069,187,882,181,63,118,241,78,163,3866,554,3312,268,72,196
2023-09-24,375,114,261,260,78,182,2411,445,1966,8005,893,7112,360,89,271,212,82,130,1100,229,871,1035,172,863,187,64,123,211,68,143,3930,513,3417,282,87,195
2023-09-25,469,182,287,326,137,189,2453,642,1811,6766,1216,5550,285,93,192,212,95,117,1358,518,840,1044,332,712,199,89,110,226,85,141,4306,947,3359,264,93,171
2023-09-26,416,162,254,320,144,176,2594,709,1885,6608,1126,5482,244,89,155,236,97,139,1228,518,710,1049,309,740,158,72,86,203,82,121,3938,899,3039,278,104,174
2023-09-27,387,148,239,309,120,189,2530,715,1815,6737,1231,5506,316,135,181,235,104,131,1304,521,783,1106,341,765,176,80,96,197,82,115,4115,886,3229,280,106,174
2023-09-28,373,142,231,296,114,182,2060,519,1541,6625,1093,5532,282,102,180,262,110,152,1226,479,747,1148,307,841,172,66,106,202,70,132,4166,874,3292,333,102,231
2023-09-29,337,85,252,295,76,219,2077,207,1870,7439,844,6595,316,85,231,205,66,139,1130,264,866,1049,152,897,176,63,113,143,0,143,3751,355,3396,329,70,259
2023-09-30,366,89,277,346,82,264,2739,298,2441,7363,769,6594,322,68,254,257,70,187,1148,231,917,1140,190,950,204,68,136,198,70,128,3812,433,3379,368,72,296
2023-10-01,324,68,256,369,74,295,3072,268,2804,7632,849,6783,368,91,277,232,68,164,1167,233,934,1168,142,1026,215,64,151,193,59,134,3824,386,3438,472,70,402
2023-10-02,328,93,235,336,74,262,3355,271,3084,8351,869,7482,386,70,316,218,80,138,1169,239,930,1166,187,979,204,68,136,110,0,110,4147,408,3739,375,87,288
2023-10-03,330,91,239,322,68,254,3386,395,2991,7405,847,6558,365,80,285,220,63,157,1159,242,917,1177,188,989,209,66,143,186,64,122,4414,419,3995,316,64,252
2023-10-04,346,91,255,284,70,214,3076,355,2721,7603,915,6688,377,85,292,195,64,131,1165,262,903,1154,170,984,200,66,134,210,66,144,4265,493,3772,341,74,267
2023-10-05,374,110,264,277,72,205,3025,419,2606,7264,898,6366,361,87,274,221,76,145,1132,262,870,1117,200,917,179,70,109,199,63,136,4846,558,4288,295,74,221
2023-10-06,374,112,262,265,76,189,3213,546,2667,6920,920,6000,356,82,274,206,80,126,1113,242,871,1044,183,861,174,66,108,239,76,163,6068,845,5223,256,70,186
2023-10-07,402,146,256,288,125,163,2880,741,2139,6859,1284,5575,285,85,200,230,108,122,1353,537,816,1061,352,709,174,74,100,231,74,157,7542,957,6585,282,97,185
2023-10-08,450,162,288,606,161,445,3192,850,2342,7017,1269,5748,265,101,164,219,104,115,1276,451,825,1221,343,878,163,74,89,209,87,122,10959,1113,9846,546,127,419
2023-10-09,418,158,260,955,270,685,3161,839,2322,7064,1513,5551,283,91,192,212,93,119,1285,512,773,1288,428,860,152,66,86,168,76,92,12403,1831,10572,479,135,344
2023-10-10,386,152,234,344,154,190,2711,727,1984,6307,1210,5097,270,99,171,219,89,130,1375,532,843,1062,347,715,168,68,100,204,82,122,5422,908,4514,282,106,176
2023-10-11,329,123,206,265,102,163,2708,701,2007,6159,1272,4887,290,101,189,209,104,105,1314,492,822,1128,349,779,185,80,105,178,78,100,4417,850,3567,291,110,181
2023-10-12,310,129,181,291,120,171,2646,661,1985,6195,1212,4983,355,121,234,208,91,117,1403,555,848,1169,335,834,171,63,108,217,82,135,3940,724,3216,277,114,163
2023-10-13,327,118,209,292,110,182,2373,586,1787,6093,1167,4926,330,99,231,195,95,100,1326,482,844,1241,375,866,206,74,132,210,85,125,3813,775,3038,279,87,192
2023-10-14,332,97,235,269,83,186,2471,462,2009,6307,896,5411,307,85,222,190,68,122,1129,271,858,1109,223,886,174,61,113,206,70,136,3171,391,2780,265,76,189
2023-10-15,295,93,202,281,82,199,2607,468,2139,5962,869,5093,285,70,215,206,70,136,1108,260,848,1006,165,841,172,70,102,217,68,149,3384,371,3013,284,95,189
2023-10-16,330,129,201,282,118,164,2453,634,1819,5815,1262,4553,272,106,166,221,112,109,1284,498,786,1078,411,667,173,82,91,199,82,117,4386,876,3510,293,106,187
2023-10-17,371,154,217,270,102,168,2453,709,1744,5882,1184,4698,274,104,170,219,104,115,1112,467,645,967,296,671,161,64,97,213,91,122,4836,880,3956,241,89,152
2023-10-18,320,131,189,259,101,158,2260,650,1610,5798,1177,4621,270,91,179,215,93,122,1216,481,735,1002,321,681,182,87,95,194,85,109,5814,923,4891,269,114,155
2023-10-19,309,129,180,257,118,139,2578,673,1905,5952,1245,4707,306,120,186,236,121,115,1277,495,782,934,270,664,158,76,82,176,76,100,5359,891,4468,252,101,151
2023-10-20,316,121,195,263,120,143,2182,620,1562,5042,1108,3934,263,97,166,185,89,96,1092,471,621,968,319,649,177,85,92,185,93,92,4722,916,3806,260,108,152
2023-10-21,287,97,190,264,85,179,2076,406,1670,5565,874,4691,251,87,164,181,72,109,1029,243,786,1032,188,844,159,63,96,159,59,100,4406,507,3899,272,89,183
2023-10-22,279,83,196,257,83,174,3141,502,2639,5472,873,4599,265,85,180,166,61,105,952,248,704,862,157,705,163,64,99,163,59,104,3201,346,2855,239,74,165
2023-10-23,285,123,162,295,114,181,3528,916,2612,5224,1179,4045,236,93,143,214,104,110,1011,420,591,805,288,517,167,74,93,177,97,80,3628,866,2762,293,106,187
2023-10-24,310,142,168,259,104,155,2753,895,1858,5394,1200,4194,257,83,174,209,97,112,1103,468,635,791,309,482,162,76,86,176,76,100,3457,850,2607,250,87,163
2023-10-25,288,133,155,251,108,143,2206,845,1361,5119,1354,3765,236,95,141,185,89,96,1025,436,589,779,293,486,156,74,82,168,76,92,3240,796,2444,221,91,130
2023-10-26,307,123,184,234,104,130,2209,710,1499,4832,1120,3712,259,95,164,221,89,132,1073,495,578,885,307,578,165,74,91,163,74,89,3421,872,2549,258,91,167
2023-10-27,262,104,158,269,112,157,2122,636,1486,5427,1101,4326,247,99,148,206,93,113,1053,405,648,990,282,708,178,78,100,192,82,110,3954,859,3095,237,80,157
2023-10-28,295,91,204,235,80,155,2023,386,1637,5627,874,4753,259,78,181,180,63,117,1024,251,773,1045,155,890,170,64,106,178,61,117,3943,422,3521,248,70,178
2023-10-29,253,87,166,219,78,141,1974,394,1580,5375,865,4510,236,74,162,141,59,82,978,226,752,976,154,822,172,64,108,154,59,95,2914,350,2564,227,63,164
2023-10-30,317,139,178,247,99,148,2165,730,1435,4799,1141,3658,228,85,143,180,93,87,1036,461,575,843,298,545,154,76,78,159,68,91,3204,760,2444,219,83,136
2023-10-31,318,123,195,250,102,148,2041,664,1377,4829,1098,3731,262,99,163,209,91,118,1058,445,613,807,296,511,171,82,89,156,70,86,2777,656,2121,225,99,126
2023-11-01,335,148,187,265,89,176,2390,595,1795,6173,1213,4960,263,97,166,214,93,121,1203,445,758,929,248,681,149,66,83,180,74,106,3508,707,2801,240,101,139
2023-11-02,282,118,164,272,131,141,2222,774,1448,4854,1260,3594,241,89,152,201,91,110,1117,561,556,816,326,490,153,74,79,155,72,83,2891,696,2195,214,83,131
2023-11-03,292,102,190,272,121,151,2151,575,1576,5317,1208,4109,232,85,147,198,106,92,1115,428,687,916,316,600,181,72,109,165,70,95,3473,740,2733,264,99,165
2023-11-04,267,80,187,283,101,182,2051,431,1620,5247,911,4336,276,91,185,162,66,96,981,251,730,988,151,837,166,66,100,165,63,102,2986,335,2651,236,76,160
2023-11-05,284,102,182,229,68,161,2045,383,1662,5200,872,4328,233,74,159,169,72,97,881,198,683,860,151,709,159,68,91,185,64,121,3517,440,3077,242,82,160
2023-11-06,293,127,166,271,123,148,2122,568,1554,4832,1179,3653,234,89,145,203,101,102,959,430,529,803,268,535,174,70,104,179,80,99,4547,889,3658,252,97,155
2023-11-07,315,123,192,268,116,152,2195,651,1544,4922,1218,3704,242,93,149,208,91,117,1036,496,540,860,295,565,174,82,92,163,74,89,3821,841,2980,270,106,164
2023-11-08,306,123,183,273,114,159,2316,650,1666,5106,1192,3914,248,85,163,206,91,115,1088,498,590,939,282,657,155,72,83,203,85,118,4102,858,3244,259,104,155
2023-11-09,327,137,190,248,114,134,2336,594,1742,5198,1150,4048,243,99,144,225,108,117,1032,467,565,972,344,628,171,87,84,193,78,115,4441,885,3556,253,106,147
2023-11-10,323,133,190,291,120,171,2178,544,1634,5229,1096,4133,265,95,170,221,104,117,1058,459,599,1031,332,699,183,66,117,199,68,131,5343,946,4397,294,110,184
2023-11-11,291,95,196,240,74,166,2019,333,1686,5155,871,4284,251,78,173,173,63,110,869,226,643,1020,177,843,157,61,96,197,63,134,6616,689,5927,286,97,189
2023-11-12,284,83,201,236,66,170,2168,389,1779,5032,870,4162,265,82,183,194,72,122,821,201,620,893,157,736,173,68,105,217,70,147,5316,495,4821,229,74,155
2023-11-13,308,121,187,274,135,139,2032,597,1435,4794,1124,3670,247,89,158,242,101,141,968,447,521,918,330,588,140,66,74,197,78,119,5553,934,4619,243,102,141
2023-11-14,305,106,199,271,127,144,2468,623,1845,5885,1264,4621,290,120,170,221,93,128,1157,490,667,1014,302,712,154,70,84,190,82,108,5580,875,4705,244,97,147
2023-11-15,289,127,162,263,116,147,2247,673,1574,4975,1293,3682,262,95,167,213,108,105,996,440,556,952,313,639,150,74,76,196,83,113,4432,859,3573,257,93,164
2023-11-16,305,123,182,305,123,182,2275,699,1576,5031,1194,3837,287,110,177,220,108,112,1045,475,570,936,316,620,161,70,91,220,110,110,5217,904,4313,255,104,151
2023-11-17,299,123,176,311,121,190,2222,568,1654,5463,1114,4349,297,110,187,214,101,113,987,408,579,1149,315,834,171,72,99,202,74,128,5477,885,4592,260,89,171
2023-11-18,270,85,185,250,80,170,2145,425,1720,5225,856,4369,273,87,186,161,72,89,882,220,662,1007,154,853,182,63,119,209,66,143,4240,468,3772,264,63,201
2023-11-19,287,87,200,240,74,166,3122,558,2564,5512,866,4646,244,70,174,176,70,106,874,212,662,977,155,822,187,68,119,193,61,132,4297,395,3902,271,76,195
2023-11-20,345,123,222,282,116,166,3921,875,3046,5719,1237,4482,274,101,173,242,121,121,1265,513,752,1060,333,727,167,78,89,208,74,134,4875,866,4009,261,102,159
2023-11-21,322,133,189,279,108,171,3275,854,2421,6595,1553,5042,292,97,195,224,114,110,1221,471,750,981,319,662,184,89,95,238,80,158,4656,878,3778,248,99,149
2023-11-22,305,127,178,247,108,139,2949,738,2211,6012,1290,4722,278,91,187,223,108,115,1267,519,748,1012,395,617,164,72,92,253,102,151,4736,864,3872,330,106,224
2023-11-23,305,120,185,253,118,135,2552,673,1879,5458,1248,4210,268,95,173,221,102,119,1126,488,638,1054,357,697,179,80,99,197,87,110,4762,869,3893,298,101,197
2023-11-24,306,102,204,269,112,157,2753,726,2027,5835,1196,4639,293,110,183,249,123,126,1243,454,789,1138,313,825,175,66,109,219,83,136,5171,853,4318,303,108,195
2023-11-25,293,85,208,279,80,199,3144,519,2625,5783,879,4904,276,76,200,214,70,144,1093,236,857,1048,190,858,183,66,117,221,61,160,4489,445,4044,288,83,205
2023-11-26,308,87,221,256,74,182,2925,498,2427,5466,869,4597,245,83,162,213,82,131,1085,239,846,948,144,804,102,0,102,195,63,132,4239,414,3825,273,83,190
2023-11-27,299,121,178,249,110,139,3124,859,2265,5214,1376,3838,281,104,177,214,108,106,1215,519,696,964,336,628,181,99,82,206,83,123,4465,882,3583,277,101,176
2023-11-28,295,116,179,280,125,155,3644,922,2722,4528,1169,3359,250,106,144,205,118,87,1073,470,603,974,346,628,160,76,84,177,78,99,4141,865,3276,238,91,147
2023-11-29,324,131,193,270,127,143,3449,890,2559,4997,1125,3872,285,108,177,225,106,119,1257,471,786,909,323,586,172,83,89,182,76,106,5465,897,4568,254,89,165
2023-11-30,291,121,170,239,108,131,2784,844,1940,4688,1104,3584,259,97,162,218,101,117,1166,506,660,936,336,600,156,70,86,178,85,93,5546,925,4621,235,99,136
2023-12-01,298,114,184,273,108,165,2545,696,1849,5033,1087,3946,269,99,170,216,93,123,1218,431,787,1183,400,783,155,68,87,196,74,122,6236,903,5333,266,106,160
2023-12-02,265,89,176,256,80,176,2308,358,1950,5195,878,4317,308,91,217,189,85,104,1034,222,812,1056,190,866,178,82,96,185,59,126,5021,488,4533,234,61,173
2023-12-03,328,114,214,251,72,179,3042,459,2583,5727,884,4843,311,93,218,206,72,134,1086,243,843,997,190,807,158,63,95,196,68,128,5302,502,4800,259,74,185
2023-12-04,375,155,220,255,110,145,2686,808,1878,5183,1239,3944,278,93,185,216,110,106,1180,504,676,975,355,620,158,72,86,184,72,112,5643,918,4725,254,116,138
2023-12-05,310,121,189,247,106,141,2655,724,1931,6146,1441,4705,267,93,174,220,95,125,1363,552,811,967,332,635,195,83,112,171,78,93,6416,967,5449,266,108,158
2023-12-06,358,139,219,254,116,138,2833,772,2061,5882,1262,4620,284,106,178,226,91,135,1232,492,740,1003,327,676,169,76,93,203,78,125,7696,975,6721,279,112,167
2023-12-07,309,120,189,277,123,154,2393,735,1658,5257,1338,3919,301,127,174,223,102,121,1288,515,773,1014,336,678,172,68,104,202,83,119,6400,951,5449,287,114,173
2023-12-08,295,106,189,266,112,154,3589,1046,2543,5326,1173,4153,270,102,168,232,123,109,1309,527,782,1158,355,803,172,68,104,214,80,134,6345,933,5412,241,87,154
2023-12-09,306,95,211,239,68,171,3419,696,2723,5063,902,4161,260,97,163,196,74,122,1055,285,770,1043,176,867,154,68,86,224,63,161,5688,566,5122,231,61,170
2023-12-10,309,95,214,240,74,166,3710,662,3048,5903,902,5001,305,93,212,194,89,105,1132,262,870,1017,162,855,172,68,104,205,66,139,6302,476,5826,276,87,189
2023-12-11,339,131,208,272,155,117,2783,922,1861,4565,1410,3155,242,99,143,210,106,104,1157,502,655,886,361,525,177,85,92,191,87,104,6072,1134,4938,225,102,123
2023-12-12,314,144,170,235,131,104,2386,908,1478,4359,1255,3104,236,102,134,203,97,106,1191,599,592,827,349,478,155,76,79,172,80,92,5353,1006,4347,226,104,122
2023-12-13,385,150,235,252,104,148,2798,919,1879,5891,1197,4694,264,97,167,217,112,105,1234,519,715,965,361,604,149,70,79,178,76,102,8131,1127,7004,228,76,152
2023-12-14,373,155,218,300,120,180,2847,841,2006,6278,1262,5016,297,85,212,197,91,106,1275,516,759,1083,360,723,158,66,92,191,72,119,9510,1216,8294,245,93,152
2023-12-15,376,158,218,295,121,174,4387,940,3447,6362,1188,5174,262,80,182,232,110,122,1382,524,858,1274,412,862,170,70,100,183,68,115,11897,1499,10398,257,87,170
2023-12-16,307,102,205,293,85,208,3077,577,2500,6375,901,5474,256,64,192,199,82,117,1142,268,874,1093,188,905,175,63,112,189,72,117,13779,926,12853,287,72,215
2023-12-17,306,95,211,255,76,179,2837,538,2299,6072,882,5190,254,76,178,197,74,123,1086,240,846,993,146,847,159,72,87,109,0,109,11516,880,10636,231,74,157
2023-12-18,351,123,228,273,106,167,2815,846,1969,6483,1238,5245,269,101,168,229,106,123,1345,504,841,1086,321,765,172,72,100,186,78,108,12646,1425,11221,263,93,170
2023-12-19,254,97,157,281,120,161,2796,792,2004,5907,1360,4547,272,102,170,239,108,131,1276,535,741,976,335,641,164,78,86,168,66,102,10283,1190,9093,248,93,155
2023-12-20,302,125,177,279,112,167,2891,713,2178,6993,1309,5684,312,123,189,222,101,121,1242,493,749,962,298,664,179,80,99,161,70,91,10817,1223,9594,258,87,171
2023-12-21,291,108,183,275,101,174,3339,707,2632,6986,1186,5800,307,99,208,231,108,123,1345,526,819,1059,319,740,169,80,89,168,68,100,14520,1466,13054,246,91,155
2023-12-22,287,95,192,260,95,165,2559,594,1965,5969,1070,4899,254,83,171,201,99,102,1160,406,754,1014,284,730,164,72,92,180,70,110,12445,1266,11179,287,97,190
2023-12-23,299,91,208,273,80,193,2811,381,2430,5837,866,4971,283,66,217,179,74,105,1090,237,853,1105,179,926,159,63,96,186,61,125,10671,862,9809,307,82,225
2023-12-24,293,85,208,267,66,201,3488,430,3058,6142,845,5297,271,68,203,225,80,145,1073,220,853,1033,148,885,145,59,86,102,0,102,8141,654,7487,280,82,198
2023-12-25,308,116,192,301,114,187,2593,639,1954,6365,1348,5017,278,97,181,262,121,141,1272,492,780,1024,305,719,193,87,106,186,64,122,8205,964,7241,290,101,189
2023-12-26,284,97,187,319,127,192,2691,696,1995,6430,1218,5212,259,83,176,249,102,147,1346,488,858,933,327,606,162,66,96,198,70,128,8301,949,7352,301,112,189
2023-12-27,302,123,179,276,125,151,2661,726,1935,5949,1118,4831,266,106,160,250,118,132,1359,476,883,1127,358,769,180,83,97,182,82,100,7515,919,6596,251,93,158
2023-12-28,322,114,208,278,114,164,2530,676,1854,6364,1109,5255,298,118,180,240,110,130,1370,515,855,1079,313,766,181,76,105,170,70,100,7627,917,6710,284,106,178
2023-12-29,328,116,212,299,121,178,2060,426,1634,6282,1066,5216,273,106,167,250,101,149,1331,476,855,1168,340,828,191,95,96,189,64,125,7087,905,6182,289,85,204
2023-12-30,273,80,193,313,74,239,2169,284,1885,7002,852,6150,285,70,215,238,76,162,1172,278,894,1097,191,906,178,63,115,174,70,104,7701,523,7178,321,93,228
2023-12-31,269,76,193,308,74,234,2321,254,2067,6469,808,5661,282,87,195,242,91,151,1087,205,882,1072,127,945,166,66,100,134,0,134,6649,420,6229,334,78,256
2024-01-01,288,89,199,322,87,235,2654,366,2288,6354,859,5495,259,70,189,187,66,121,1077,220,857,1043,162,881,169,64,105,166,61,105,6410,490,5920,359,68,291
2024-01-02,321,135,186,300,121,179,2105,741,1364,5875,1431,4444,221,89,132,244,118,126,1347,599,748,937,372,565,171,82,89,148,61,87,6912,917,5995,275,123,152
2024-01-03,327,135,192,289,116,173,2349,729,1620,6080,1211,4869,396,127,269,240,112,128,1372,530,842,976,324,652,150,76,74,162,70,92,7200,892,6308,279,112,167
2024-01-04,337,144,193,282,112,170,2528,535,1993,6512,1172,5340,268,104,164,258,101,157,1411,555,856,1009,350,659,165,72,93,183,74,109,7932,880,7052,245,106,139
2024-01-05,304,127,177,297,131,166,2007,521,1486,6092,995,5097,291,91,200,257,121,136,1403,551,852,1101,363,738,163,80,83,176,68,108,7634,884,6750,250,95,155
2024-01-06,315,101,214,260,74,186,1959,321,1638,6239,881,5358,251,78,173,223,87,136,1114,268,846,1001,155,846,158,66,92,181,63,118,7529,549,6980,262,76,186
2024-01-07,338,95,243,260,82,178,2090,301,1789,10348,852,9496,286,82,204,230,78,152,1144,274,870,1018,170,848,172,64,108,194,63,131,7811,513,7298,249,72,177
2024-01-08,335,123,212,295,129,166,2168,602,1566,6234,1188,5046,310,101,209,234,93,141,1399,535,864,1187,385,802,206,85,121,183,83,100,8405,912,7493,272,101,171
2024-01-09,284,106,178,272,127,145,2065,533,1532,6155,1131,5024,291,99,192,225,104,121,1316,521,795,1088,394,694,173,63,110,176,74,102,7173,841,6332,228,85,143
2024-01-10,314,116,198,280,110,170,2014,564,1450,5953,1070,4883,303,114,189,254,116,138,1395,574,821,1059,354,705,187,85,102,162,66,96,7462,861,6601,263,85,178
2024-01-11,285,104,181,275,120,155,1795,555,1240,5717,1102,4615,242,80,162,235,104,131,1319,571,748,1018,394,624,171,78,93,178,74,104,6974,890,6084,246,95,151
2024-01-12,315,135,180,325,125,200,1944,488,1456,5856,996,4860,292,99,193,209,87,122,1357,506,851,1141,383,758,155,66,89,188,70,118,7888,885,7003,272,104,168
2024-01-13,279,76,203,269,74,195,2109,305,1804,6679,882,5797,288,76,212,224,85,139,1161,273,888,1069,179,890,185,64,121,217,66,151,8142,538,7604,248,74,174
2024-01-14,304,89,215,261,72,189,2010,290,1720,6720,877,5843,280,85,195,196,70,126,1148,262,886,1017,165,852,165,63,102,183,64,119,8365,492,7873,231,68,163
2024-01-15,337,137,200,274,116,158,2250,673,1577,6644,1295,5349,291,101,190,249,121,128,1383,530,853,1259,414,845,170,83,87,164,68,96,9088,976,8112,298,121,177
2024-01-16,340,137,203,288,120,168,2000,636,1364,6097,1243,4854,232,85,147,239,104,135,1425,575,850,1131,363,768,165,76,89,148,68,80,8856,964,7892,259,101,158
2024-01-17,414,165,249,318,125,193,2392,605,1787,7280,1213,6067,281,102,179,243,108,135,1458,575,883,1143,347,796,195,80,115,169,74,95,10952,967,9985,278,108,170
2024-01-18,326,127,199,298,125,173,2140,510,1630,6576,1128,5448,301,108,193,242,110,132,1460,591,869,1095,329,766,185,89,96,182,70,112,10763,962,9801,278,97,181
2024-01-19,363,121,242,307,123,184,2217,499,1718,6348,1028,5320,290,97,193,257,95,162,1365,499,866,1258,391,867,184,78,106,194,76,118,12436,1018,11418,283,97,186
2024-01-20,344,83,261,292,80,212,2202,316,1886,6767,909,5858,313,74,239,183,70,113,1258,371,887,1111,212,899,184,74,110,203,64,139,13833,840,12993,271,66,205
2024-01-21,329,82,247,280,72,208,2181,338,1843,6676,893,5783,311,89,222,213,74,139,1206,307,899,1106,213,893,198,72,126,229,66,163,15694,806,14888,314,82,232
2024-01-22,331,123,208,304,123,181,2160,622,1538,6241,1390,4851,279,106,173,262,127,135,1481,630,851,1211,403,808,174,82,92,221,87,134,17888,1645,16243,274,108,166
2024-01-23,372,157,215,435,190,245,2094,555,1539,6901,1320,5581,297,85,212,240,102,138,1528,620,908,1241,394,847,188,82,106,210,74,136,20961,1731,19230,290,110,180
2024-01-24,356,121,235,309,133,176,2155,519,1636,6158,1074,5084,278,95,183,238,95,143,1383,535,848,1218,372,846,162,78,84,220,76,144,17463,1524,15939,265,102,163
2024-01-25,323,133,190,320,140,180,2178,521,1657,6447,1160,5287,291,95,196,244,99,145,1469,585,884,1240,392,848,190,85,105,208,78,130,16146,1250,14896,254,95,159
2024-01-26,383,127,256,341,137,204,2211,481,1730,6664,1081,5583,276,83,193,252,101,151,1398,512,886,1233,358,875,170,64,106,221,74,147,15710,1183,14527,278,85,193
2024-01-27,332,87,245,305,74,231,2064,299,1765,6621,887,5734,313,82,231,233,82,151,1191,296,895,1105,207,898,181,64,117,229,63,166,17380,863,16517,291,82,209
2024-01-28,341,95,246,306,82,224,2036,233,1803,6284,877,5407,373,91,282,240,82,158,1170,271,899,1089,194,895,185,66,119,228,70,158,18231,634,17597,294,82,212
2024-01-29,358,112,246,305,129,176,2101,465,1636,6258,1182,5076,318,99,219,254,106,148,1430,558,872,1230,375,855,174,72,102,204,78,126,16368,1380,14988,309,101,208
2024-01-30,337,118,219,304,123,181,2145,492,1653,6883,1123,5760,322,101,221,286,121,165,1440,552,888,1228,358,870,186,80,106,206,80,126,17444,1463,15981,283,121,162
2024-01-31,351,139,212,310,131,179,2135,468,1667,6428,1110,5318,306,89,217,242,108,134,1429,544,885,1189,324,865,171,76,95,179,83,96,16730,1341,15389,247,82,165
2024-02-01,365,129,236,334,120,214,2076,394,1682,6325,1075,5250,276,80,196,256,101,155,1388,504,884,1232,372,860,157,68,89,191,66,125,15783,1260,14523,272,91,181
2024-02-02,375,129,246,310,108,202,2103,381,1722,6460,1098,5362,292,80,212,251,99,152,1405,506,899,1199,327,872,177,78,99,207,72,135,16481,1363,15118,286,78,208
2024-02-03,321,97,224,286,83,203,2284,282,2002,6539,883,5656,331,76,255,250,101,149,1196,290,906,1103,190,913,185,66,119,198,64,134,16691,885,15806,269,76,193
2024-02-04,341,106,235,298,99,199,2771,716,2055,6551,996,5555,336,102,234,246,101,145,1394,475,919,1159,265,894,186,80,106,208,78,130,17786,1305,16481,265,97,168
2024-02-05,373,123,250,300,116,184,2509,428,2081,8716,1129,7587,299,91,208,241,97,144,1346,447,899,1150,260,890,178,74,104,185,70,115,15922,1109,14813,303,102,201
2024-02-06,431,161,270,339,101,238,2375,388,1987,9916,1099,8817,310,93,217,250,89,161,1333,443,890,1119,259,860,190,64,126,176,63,113,15045,1000,14045,248,78,170
2024-02-07,331,85,246,299,97,202,2140,305,1835,9884,983,8901,304,87,217,224,85,139,1265,392,873,1085,233,852,201,76,125,181,64,117,15902,958,14944,277,95,182
2024-02-08,331,78,253,276,87,189,1826,243,1583,7955,939,7016,293,78,215,215,72,143,1150,276,874,959,194,765,169,64,105,174,64,110,14091,843,13248,255,68,187
2024-02-09,262,76,186,230,76,154,1543,151,1392,5983,692,5291,241,63,178,189,68,121,976,161,815,681,135,546,108,0,108,86,0,86,10142,372,9770,164,0,164
2024-02-10,253,70,183,265,76,189,2079,151,1928,6109,603,5506,273,74,199,199,64,135,1070,201,869,968,123,845,109,0,109,91,0,91,11524,386,11138,269,63,206
2024-02-11,282,74,208,323,82,241,3012,172,2840,7262,609,6653,310,63,247,226,72,154,1113,165,948,1099,175,924,202,59,143,151,59,92,11105,360,10745,327,64,263
2024-02-12,299,74,225,280,74,206,3388,197,3191,8929,665,8264,326,70,256,212,68,144,1167,197,970,1041,125,916,216,61,155,164,59,105,10218,395,9823,312,64,248
2024-02-13,298,80,218,406,83,323,3709,219,3490,9361,777,8584,324,64,260,196,66,130,1147,182,965,1077,161,916,207,59,148,158,61,97,9344,394,8950,329,72,257
2024-02-14,335,85,250,330,74,256,3826,243,3583,9894,789,9105,337,64,273,211,68,143,1179,205,974,1084,135,949,141,0,141,158,59,99,8783,400,8383,314,68,246
2024-02-15,351,78,273,328,66,262,3888,301,3587,9726,853,8873,355,93,262,192,66,126,1187,234,953,1090,158,932,186,61,125,108,0,108,9152,461,8691,325,68,257
2024-02-16,327,80,247,312,76,236,3871,354,3517,9866,853,9013,321,93,228,204,76,128,1176,228,948,1097,173,924,121,0,121,152,0,152,8693,448,8245,291,76,215
2024-02-17,335,87,248,295,76,219,3738,470,3268,8890,868,8022,332,80,252,202,68,134,1146,234,912,1056,187,869,175,63,112,179,64,115,8844,439,8405,259,66,193
2024-02-18,338,116,222,345,121,224,3759,888,2871,7498,1083,6415,328,106,222,218,97,121,1325,431,894,1092,248,844,171,76,95,211,80,131,9682,863,8819,280,91,189
2024-02-19,345,116,229,277,110,167,3469,876,2593,6776,1125,5651,312,97,215,231,97,134,1366,473,893,1057,284,773,175,76,99,163,59,104,9848,938,8910,275,104,171
2024-02-20,361,140,221,290,114,176,3261,857,2404,7212,1209,6003,318,106,212,250,99,151,1402,516,886,1090,332,758,154,70,84,193,74,119,9815,920,8895,257,83,174
2024-02-21,366,135,231,283,118,165,2950,800,2150,6756,1107,5649,320,93,227,200,83,117,1370,482,888,1086,316,770,180,80,100,187,64,123,10388,952,9436,280,87,193
2024-02-22,339,120,219,307,131,176,3263,871,2392,7099,1165,5934,337,106,231,269,114,155,1313,436,877,1027,251,776,156,70,86,168,68,100,10207,933,9274,294,102,192
2024-02-23,349,125,224,263,101,162,3038,916,2122,6644,1111,5533,345,114,231,210,89,121,1323,467,856,1020,287,733,161,68,93,184,87,97,9888,933,8955,268,83,185
2024-02-24,289,74,215,271,74,197,2402,409,1993,6545,861,5684,309,85,224,169,76,93,1110,243,867,877,121,756,163,64,99,185,63,122,8472,555,7917,248,68,180
2024-02-25,313,121,192,256,82,174,2460,501,1959,5877,860,5017,330,80,250,171,66,105,1086,240,846,780,120,660,96,0,96,104,0,104,9012,541,8471,246,72,174
2024-02-26,302,120,182,288,129,159,3779,881,2898,6263,1209,5054,285,106,179,244,110,134,1355,495,860,949,304,645,163,70,93,169,74,95,10242,964,9278,242,97,145
2024-02-27,335,161,174,300,114,186,4412,915,3497,6377,1121,5256,278,116,162,240,106,134,1322,481,841,965,319,646,158,72,86,171,76,95,10168,971,9197,252,89,163
2024-02-28,318,116,202,299,125,174,4567,908,3659,6557,1339,5218,246,89,157,246,108,138,1409,557,852,940,287,653,158,63,95,157,64,93,10386,992,9394,240,95,145
2024-02-29,283,116,167,301,146,155,3962,865,3097,6428,1334,5094,248,83,165,229,106,123,1380,544,836,968,319,649,172,68,104,171,78,93,10928,1086,9842,271,106,165
2024-03-01,313,104,209,260,89,171,3193,723,2470,6425,1185,5240,284,101,183,232,89,143,1308,461,847,1004,281,723,156,74,82,180,72,108,12215,1053,11162,280,110,170
2024-03-02,304,87,217,261,83,178,2656,419,2237,6363,870,5493,258,74,184,193,70,123,1079,220,859,904,155,749,152,61,91,183,66,117,11473,758,10715,243,70,173
2024-03-03,300,102,198,231,61,170,2676,493,2183,6399,867,5532,283,68,215,188,63,125,1061,236,825,756,108,648,155,59,96,189,66,123,9958,602,9356,250,72,178
2024-03-04,353,142,211,280,114,166,3370,853,2517,7208,1661,5547,259,93,166,209,87,122,1420,571,849,1016,336,680,155,66,89,175,76,99,11352,1226,10126,261,104,157
2024-03-05,362,144,218,267,102,165,3225,738,2487,7168,1363,5805,280,110,170,235,101,134,1292,451,841,888,302,586,172,80,92,186,78,108,11136,1102,10034,235,80,155
2024-03-06,302,99,203,252,104,148,2716,723,1993,6297,1340,4957,261,95,166,214,101,113,1230,518,712,904,309,595,157,74,83,176,63,113,10500,1136,9364,259,110,149
2024-03-07,397,151,246,276,114,162,2747,682,2065,7049,1319,5730,266,89,177,245,104,141,1314,473,841,943,285,658,167,78,89,190,78,112,11094,1154,9940,246,78,168
2024-03-08,337,137,200,273,102,171,2206,461,1745,6234,1155,5079,285,104,181,236,85,151,1200,423,777,909,253,656,154,74,80,209,74,135,10576,965,9611,259,91,168
2024-03-09,298,89,209,267,74,193,2089,357,1732,6604,902,5702,269,80,189,161,66,95,1021,207,814,959,157,802,152,61,91,179,74,105,10634,785,9849,239,59,180
2024-03-10,319,80,239,251,72,179,2419,386,2033,6644,872,5772,257,83,174,177,68,109,1075,208,867,835,155,680,156,63,93,187,66,121,11414,665,10749,227,63,164
2024-03-11,321,131,190,258,95,163,2580,763,1817,6761,1144,5617,300,108,192,232,102,130,1306,484,822,908,284,624,154,70,84,195,89,106,11543,1142,10401,252,101,151
2024-03-12,323,118,205,270,118,152,2661,749,1912,6846,1315,5531,280,91,189,200,91,109,1323,504,819,909,299,610,155,64,91,175,80,95,9884,981,8903,271,106,165
2024-03-13,329,121,208,251,108,143,2476,661,1815,7900,1249,6651,293,97,196,233,102,131,1375,527,848,915,310,605,154,78,76,176,66,110,8968,1003,7965,261,112,149
2024-03-14,332,112,220,304,137,167,2577,701,1876,6514,1147,5367,290,110,180,218,97,121,1387,537,850,966,304,662,150,68,82,163,70,93,8704,960,7744,228,85,143
2024-03-15,323,108,215,281,118,163,2293,507,1786,6448,1078,5370,267,89,178,238,116,122,1292,496,796,975,273,702,164,72,92,192,70,122,8746,985,7761,259,95,164
2024-03-16,308,97,211,262,78,184,2333,344,1989,7012,890,6122,293,87,206,212,82,130,1156,290,866,1006,159,847,139,59,80,234,64,170,8221,634,7587,239,68,171
2024-03-17,295,83,212,249,85,164,2393,391,2002,6850,872,5978,288,85,203,234,83,151,1117,257,860,959,166,793,96,0,96,205,61,144,7861,572,7289,253,66,187
2024-03-18,339,120,219,301,120,181,2465,712,1753,7033,1179,5854,310,108,202,218,106,112,1352,507,845,918,312,606,158,72,86,213,83,130,8769,982,7787,240,102,138
2024-03-19,328,116,212,293,104,189,2531,670,1861,7017,1251,5766,297,108,189,227,91,136,1329,488,841,869,298,571,172,72,100,207,95,112,8549,977,7572,281,101,180
2024-03-20,317,118,199,282,125,157,2365,634,1731,9078,1488,7590,297,123,174,212,95,117,1340,526,814,957,318,639,163,64,99,220,89,131,7286,961,6325,278,102,176
2024-03-21,354,139,215,260,101,159,2298,675,1623,8918,1254,7664,322,127,195,206,91,115,1271,464,807,922,279,643,154,72,82,206,78,128,7745,984,6761,257,102,155
2024-03-22,306,121,185,246,102,144,2043,544,1499,6914,1253,5661,277,112,165,195,99,96,1219,493,726,984,336,648,158,74,84,248,99,149,7208,981,6227,263,101,162
2024-03-23,307,76,231,247,74,173,2125,302,1823,6952,895,6057,244,68,176,202,70,132,1090,243,847,1034,172,862,154,59,95,199,68,131,6724,589,6135,273,72,201
2024-03-24,305,87,218,254,74,180,2463,479,1984,8810,884,7926,299,78,221,201,76,125,1117,254,863,905,135,770,156,64,92,138,0,138,6627,529,6098,252,70,182
2024-03-25,307,129,178,268,110,158,2295,698,1597,7586,1161,6425,264,101,163,220,97,123,1320,519,801,874,355,519,159,72,87,209,78,131,6722,1009,5713,238,97,141
2024-03-26,316,108,208,243,102,141,2425,699,1726,8174,1212,6962,296,129,167,216,114,102,1190,496,694,852,271,581,154,83,71,184,72,112,6808,976,5832,236,85,151
2024-03-27,287,101,186,294,114,180,2840,681,2159,8692,1233,7459,278,108,170,220,99,121,1216,461,755,883,248,635,143,70,73,182,82,100,7860,974,6886,287,101,186
2024-03-28,301,118,183,266,99,167,2506,644,1862,5944,1137,4807,244,89,155,212,108,104,1172,439,733,909,298,611,169,70,99,223,87,136,7392,1065,6327,276,106,170
2024-03-29,305,116,189,316,121,195,2215,485,1730,5869,1113,4756,310,89,221,192,87,105,1113,422,691,861,265,596,176,74,102,224,85,139,8463,1255,7208,274,93,181
2024-03-30,269,83,186,269,76,193,3063,501,2562,5794,870,4924,252,82,170,189,68,121,999,242,757,887,154,733,141,61,80,128,0,128,7107,765,6342,254,76,178
2024-03-31,294,97,197,252,74,178,2681,560,2121,6175,862,5313,280,87,193,179,61,118,936,209,727,674,125,549,154,59,95,206,68,138,6480,585,5895,242,80,162
2024-04-01,268,114,154,317,118,199,2827,841,1986,5552,1227,4325,265,97,168,254,129,125,1133,492,641,792,309,483,153,66,87,209,87,122,7035,1223,5812,288,112,176
2024-04-02,302,123,179,303,148,155,3078,922,2156,5134,1237,3897,280,106,174,229,110,119,1138,487,651,880,316,564,158,76,82,187,78,109,6377,1119,5258,276,110,166
2024-04-03,326,118,208,303,129,174,6337,3633,2704,5788,1217,4571,286,93,193,199,95,104,1267,453,814,1029,394,635,166,82,84,168,72,96,9948,1764,8184,285,121,164
2024-04-04,274,70,204,268,68,200,3831,478,3353,5921,865,5056,279,78,201,172,72,100,1105,245,860,1019,148,871,168,63,105,175,63,112,8195,659,7536,301,82,219
2024-04-05,284,85,199,281,78,203,3425,428,2997,6194,897,5297,295,83,212,174,72,102,1089,226,863,1024,148,876,143,61,82,123,0,123,8117,741,7376,298,83,215
2024-04-06,288,95,193,212,68,144,2832,509,2323,5425,904,4521,280,85,195,175,70,105,995,236,759,805,155,650,153,66,87,163,61,102,8461,827,7634,237,76,161
2024-04-07,335,127,208,280,102,178,3091,872,2219,6174,1261,4913,278,95,183,244,108,136,1302,476,826,897,267,630,158,66,92,195,82,113,8401,999,7402,295,118,177
2024-04-08,302,110,192,279,120,159,2870,919,1951,5401,1203,4198,255,85,170,202,102,100,1265,493,772,858,287,571,162,83,79,171,82,89,6922,978,5944,269,108,161
2024-04-09,321,137,184,274,120,154,2691,808,1883,5393,1152,4241,260,102,158,225,120,105,1146,445,701,870,279,591,140,61,79,161,70,91,6822,936,5886,266,101,165
2024-04-10,315,116,199,274,114,160,2967,786,2181,6317,1211,5106,302,112,190,207,85,122,1329,492,837,1122,329,793,170,74,96,210,76,134,6743,910,5833,254,91,163
2024-04-11,271,114,157,248,118,130,2342,760,1582,4691,1146,3545,270,97,173,217,102,115,1134,482,652,854,301,553,167,70,97,176,74,102,4981,914,4067,260,106,154
2024-04-12,328,135,193,306,125,181,2643,712,1931,5443,1102,4341,275,93,182,240,114,126,1273,459,814,1075,338,737,163,72,91,180,72,108,5713,925,4788,269,106,163
2024-04-13,286,99,187,259,80,179,2399,394,2005,5464,859,4605,268,87,181,199,76,123,1056,240,816,1020,169,851,167,72,95,172,59,113,4866,574,4292,246,64,182
2024-04-14,291,102,189,234,83,151,2281,397,1884,5161,876,4285,252,78,174,166,66,100,942,205,737,862,159,703,150,59,91,189,64,125,4719,510,4209,240,72,168
2024-04-15,316,142,174,254,120,134,2499,813,1686,5438,1113,4325,279,108,171,234,112,122,1208,453,755,865,287,578,152,70,82,191,83,108,6047,1003,5044,233,85,148
2024-04-16,346,144,202,286,137,149,2377,692,1685,5411,1116,4295,265,106,159,221,102,119,1110,412,698,854,298,556,140,64,76,148,64,84,6372,994,5378,240,91,149
2024-04-17,314,125,189,275,131,144,2377,681,1696,4904,1101,3803,262,102,160,220,102,118,1118,467,651,772,264,508,144,66,78,165,74,91,6829,1107,5722,215,85,130
2024-04-18,294,129,165,271,112,159,2218,617,1601,5244,1010,4234,286,87,199,220,101,119,1245,487,758,902,298,604,141,63,78,197,85,112,11462,1671,9791,242,95,147
2024-04-19,299,123,176,267,106,161,2212,526,1686,5197,998,4199,242,106,136,193,78,115,1146,436,710,888,307,581,163,74,89,167,68,99,10043,1444,8599,265,95,170
2024-04-20,283,101,182,254,93,161,2082,423,1659,4988,858,4130,264,78,186,185,76,109,914,256,658,816,152,664,152,63,89,169,59,110,10114,902,9212,210,66,144
2024-04-21,339,82,257,288,76,212,2178,408,1770,5805,861,4944,255,78,177,179,66,113,1075,233,842,707,121,586,80,0,80,186,63,123,15598,944,14654,238,64,174
2024-04-22,273,118,155,239,114,125,2087,642,1445,4749,1035,3714,261,97,164,187,87,100,1123,479,644,743,257,486,137,66,71,179,80,99,12648,1820,10828,234,102,132
2024-04-23,334,142,192,221,95,126,2087,620,1467,5147,1119,4028,259,104,155,213,95,118,1186,399,787,654,229,425,146,72,74,188,82,106,14727,2295,12432,210,91,119
2024-04-24,277,123,154,237,116,121,2159,754,1405,4668,1035,3633,259,91,168,212,87,125,1037,416,621,733,237,496,152,70,82,190,68,122,9985,1532,8453,239,101,138
2024-04-25,330,127,203,323,127,196,3376,1426,1950,5583,1105,4478,261,91,170,229,93,136,1221,492,729,791,270,521,149,66,83,208,82,126,12260,1868,10392,250,95,155
2024-04-26,308,121,187,263,118,145,2106,552,1554,4734,975,3759,225,87,138,243,112,131,1031,434,597,782,218,564,156,78,78,616,169,447,13996,2300,11696,242,91,151
2024-04-27,322,91,231,269,93,176,2440,485,1955,6064,856,5208,230,68,162,163,66,97,997,195,802,761,161,600,143,61,82,5765,299,5466,12085,932,11153,230,68,162
2024-04-28,345,131,214,297,142,155,2892,884,2008,9424,1432,7992,324,127,197,235,91,144,1281,487,794,917,282,635,145,61,84,69463,3984,65479,16327,2848,13479,264,104,160
2024-04-29,310,118,192,276,133,143,2197,763,1434,5388,1163,4225,220,101,119,207,102,105,1121,516,605,780,309,471,153,70,83,16288,1066,15222,12365,2538,9827,253,125,128
2024-04-30,393,150,243,310,127,183,2240,568,1672,6368,1158,5210,273,89,184,221,102,119,1286,451,835,986,310,676,178,82,96,3875,465,3410,20251,3544,16707,277,97,180
2024-05-01,392,85,307,324,93,231,2807,243,2564,6994,862,6132,314,85,229,225,68,157,1098,225,873,1030,154,876,150,64,86,1912,152,1760,20625,986,19639,314,83,231
2024-05-02,309,74,235,281,82,199,2876,318,2558,6960,859,6101,340,87,253,187,61,126,1099,226,873,1087,165,922,172,63,109,1114,125,989,13530,916,12614,285,70,215
2024-05-03,293,82,211,281,78,203,2789,304,2485,6550,877,5673,283,68,215,204,74,130,1185,291,894,1104,169,935,178,70,108,1052,78,974,10457,881,9576,293,72,221
2024-05-04,330,70,260,270,89,181,2494,344,2150,6687,897,5790,268,70,198,193,80,113,1141,259,882,999,146,853,156,57,99,923,70,853,19998,987,19011,263,80,183
2024-05-05,299,93,206,252,72,180,2340,459,1881,5864,893,4971,317,83,234,194,76,118,1103,245,858,807,161,646,143,63,80,791,97,694,9892,898,8994,231,70,161
2024-05-06,324,123,201,286,123,163,2697,747,1950,6275,1261,5014,273,76,197,223,108,115,1258,462,796,851,274,577,155,72,83,755,102,653,8068,1095,6973,267,97,170
2024-05-07,288,106,182,255,108,147,2336,644,1692,6092,1156,4936,242,87,155,206,89,117,1141,380,761,796,267,529,161,85,76,852,135,717,7216,968,6248,230,99,131
2024-05-08,268,108,160,244,114,130,1714,592,1122,4313,1048,3265,251,106,145,175,83,92,912,395,517,723,287,436,137,66,71,524,87,437,5582,967,4615,236,101,135
2024-05-09,305,110,195,238,87,151,2387,513,1874,5599,1080,4519,269,95,174,171,72,99,1059,386,673,768,240,528,149,70,79,547,99,448,6012,906,5106,244,97,147
2024-05-10,303,110,193,234,106,128,2274,513,1761,5567,1070,4497,248,93,155,187,85,102,1005,403,602,726,226,500,136,57,79,447,78,369,6045,929,5116,250,93,157
2024-05-11,306,108,198,263,93,170,2291,402,1889,5866,989,4877,261,93,168,199,80,119,1057,338,719,740,219,521,152,66,86,480,74,406,6266,933,5333,241,87,154
2024-05-12,272,95,177,223,78,145,1834,159,1675,5311,848,4463,238,68,170,178,70,108,888,187,701,617,125,492,125,59,66,514,63,451,5737,653,5084,203,72,131
2024-05-13,344,148,196,254,102,152,2002,358,1644,5529,1093,4436,276,99,177,204,89,115,1069,405,664,809,287,522,158,76,82,469,97,372,6149,972,5177,307,144,163
2024-05-14,351,148,203,290,127,163,1999,419,1580,5579,1235,4344,238,89,149,217,118,99,1145,439,706,751,234,517,130,61,69,352,91,261,5690,982,4708,286,101,185
2024-05-15,351,152,199,289,110,179,1950,207,1743,6210,1280,4930,276,112,164,209,101,108,1140,428,712,770,231,539,166,61,105,340,91,249,5820,971,4849,276,97,179
2024-05-16,331,114,217,262,102,160,2072,310,1762,6123,1158,4965,307,148,159,212,89,123,1238,496,742,824,257,567,146,68,78,316,80,236,6209,976,5233,240,91,149
2024-05-17,300,118,182,246,95,151,1853,395,1458,5210,1022,4188,269,114,155,203,104,99,1114,385,729,794,243,551,155,76,79,393,91,302,7809,1236,6573,237,83,154
2024-05-18,283,101,182,246,68,178,2106,163,1943,6080,860,5220,246,82,164,170,64,106,954,193,761,820,137,683,144,57,87,507,70,437,7978,800,7178,244,82,162
2024-05-19,296,85,211,232,70,162,2163,159,2004,6157,855,5302,271,76,195,198,70,128,1059,233,826,657,125,532,132,63,69,408,64,344,9419,813,8606,262,85,177
2024-05-20,293,123,170,240,101,139,1722,236,1486,5414,1064,4350,285,131,154,191,91,100,1031,399,632,712,247,465,150,59,91,301,102,199,9994,1329,8665,210,87,123
2024-05-21,312,142,170,234,87,147,2375,613,1762,5461,1083,4378,255,106,149,207,101,106,1052,411,641,672,257,415,145,74,71,291,102,189,10023,1456,8567,234,99,135
2024-05-22,322,133,189,259,120,139,2770,869,1901,5150,1114,4036,252,104,148,203,95,108,1089,406,683,647,234,413,141,68,73,285,80,205,8328,1176,7152,234,91,143
2024-05-23,295,102,193,239,114,125,2628,814,1814,6185,1257,4928,329,175,154,235,131,104,1156,440,716,733,243,490,135,64,71,277,91,186,9428,1351,8077,248,85,163
2024-05-24,292,108,184,253,89,164,3045,854,2191,7435,1325,6110,294,127,167,187,83,104,1174,372,802,761,256,505,146,64,82,372,91,281,11895,1644,10251,234,102,132
2024-05-25,266,93,173,261,83,178,2620,414,2206,7446,902,6544,278,89,189,201,82,119,1054,236,818,770,131,639,155,64,91,431,83,348,9020,831,8189,211,66,145
2024-05-26,298,116,182,223,68,155,2387,374,2013,6750,866,5884,278,85,193,171,63,108,1061,213,848,742,137,605,146,59,87,385,68,317,7863,765,7098,220,63,157
2024-05-27,290,127,163,247,104,143,2317,699,1618,6063,1184,4879,314,114,200,194,76,118,1091,357,734,728,245,483,157,68,89,297,89,208,7986,1110,6876,242,87,155
2024-05-28,312,144,168,260,121,139,2075,681,1394,5455,1152,4303,320,142,178,193,97,96,1074,431,643,709,256,453,156,80,76,259,89,170,6728,987,5741,243,89,154
2024-05-29,306,144,162,225,97,128,1972,644,1328,5135,1092,4043,286,139,147,193,80,113,1108,428,680,690,254,436,153,64,89,252,82,170,6143,967,5176,248,101,147
2024-05-30,299,110,189,250,102,148,1970,619,1351,5899,1162,4737,318,133,185,238,83,155,1206,416,790,691,233,458,132,61,71,249,76,173,8486,1172,7314,264,120,144
2024-05-31,314,127,187,249,110,139,1718,519,1199,5227,1044,4183,298,155,143,220,89,131,1020,330,690,691,250,441,140,66,74,227,68,159,10736,1500,9236,214,76,138
2024-06-01,291,93,198,213,68,145,1560,309,1251,5014,860,4154,244,83,161,176,68,108,856,200,656,620,120,500,141,61,80,239,63,176,9034,866,8168,195,63,132
2024-06-02,278,97,181,248,78,170,1764,309,1455,5589,870,4719,231,80,151,172,70,102,970,207,763,672,129,543,89,0,89,273,68,205,7044,706,6338,195,64,131
2024-06-03,284,123,161,206,91,115,1832,532,1300,5343,1144,4199,273,118,155,208,108,100,1124,423,701,655,225,430,151,72,79,224,76,148,8831,1418,7413,228,97,131
2024-06-04,285,95,190,233,110,123,2025,628,1397,6186,1146,5040,296,120,176,203,91,112,1210,405,805,795,257,538,140,66,74,197,66,131,8065,1249,6816,217,85,132
2024-06-05,298,120,178,197,95,102,1830,575,1255,5712,1148,4564,260,99,161,237,101,136,1306,490,816,680,220,460,135,59,76,209,66,143,7865,1296,6569,219,93,126
2024-06-06,277,112,165,246,116,130,1840,551,1289,5256,1028,4228,252,101,151,223,95,128,1082,411,671,730,216,514,143,70,73,223,85,138,7478,1194,6284,258,91,167
2024-06-07,306,114,192,283,120,163,1583,453,1130,5588,974,4614,288,110,178,190,72,118,1069,347,722,919,262,657,158,76,82,242,76,166,9151,1360,7791,250,87,163
2024-06-08,276,89,187,215,70,145,1752,281,1471,5600,844,4756,263,78,185,193,83,110,1060,205,855,897,139,758,150,59,91,267,63,204,7844,854,6990,236,78,158
2024-06-09,272,89,183,231,74,157,2055,270,1785,5963,843,5120,249,70,179,185,76,109,1027,186,841,828,118,710,150,64,86,248,64,184,10156,734,9422,228,68,160
2024-06-10,294,80,214,263,68,195,2152,329,1823,5999,822,5177,267,91,176,181,68,113,1057,204,853,737,123,614,143,59,84,232,61,171,6268,605,5663,272,87,185
2024-06-11,314,125,189,199,80,119,2066,656,1410,5918,1086,4832,274,104,170,210,91,119,1189,417,772,771,254,517,160,74,86,213,83,130,6845,1097,5748,234,99,135
2024-06-12,287,104,183,218,87,131,2164,592,1572,6084,1152,4932,254,99,155,221,93,128,1129,394,735,801,248,553,144,61,83,204,74,130,7182,998,6184,248,97,151
2024-06-13,306,127,179,213,101,112,1919,640,1279,5140,1018,4122,237,99,138,196,83,113,1011,330,681,690,229,461,145,61,84,167,70,97,6345,998,5347,217,82,135
2024-06-14,323,121,202,212,99,113,1787,475,1312,5241,967,4274,273,118,155,205,93,112,1047,366,681,667,180,487,168,76,92,225,82,143,8855,1193,7662,233,82,151
2024-06-15,317,97,220,181,68,113,1957,307,1650,5929,844,5085,237,80,157,185,68,117,1052,211,841,772,159,613,152,57,95,258,66,192,9774,886,8888,195,61,134
2024-06-16,290,82,208,225,80,145,2027,327,1700,5733,846,4887,225,74,151,206,72,134,1039,223,816,644,116,528,134,63,71,220,66,154,7112,704,6408,217,74,143
2024-06-17,394,121,273,237,101,136,2147,616,1531,5192,1081,4111,265,110,155,232,104,128,1120,425,695,718,240,478,167,76,91,219,68,151,6551,988,5563,221,89,132
2024-06-18,345,131,214,239,101,138,1980,544,1436,5409,990,4419,282,120,162,225,108,117,1092,447,645,705,260,445,159,72,87,203,82,121,6348,980,5368,216,82,134
2024-06-19,336,116,220,229,97,132,2193,561,1632,5588,1020,4568,258,106,152,210,85,125,1163,402,761,795,271,524,161,68,93,180,78,102,6728,977,5751,245,101,144
2024-06-20,287,101,186,268,108,160,2084,510,1574,5850,988,4862,267,99,168,210,95,115,1143,363,780,771,268,503,160,80,80,201,66,135,6533,958,5575,241,93,148
2024-06-21,284,123,161,269,112,157,1920,518,1402,5790,969,4821,272,99,173,223,101,122,1129,363,766,780,212,568,144,57,87,206,68,138,6838,958,5880,245,87,158
2024-06-22,288,99,189,232,78,154,2019,274,1745,6010,841,5169,218,64,154,213,74,139,1158,285,873,840,162,678,159,64,95,185,57,128,6195,676,5519,229,72,157
2024-06-23,303,89,214,215,70,145,1957,333,1624,5736,855,4881,270,85,185,202,70,132,1054,213,841,671,125,546,80,0,80,163,57,106,6308,659,5649,219,64,155
2024-06-24,350,133,217,242,97,145,2161,622,1539,6092,1048,5044,280,102,178,197,95,102,1231,433,798,752,234,518,154,72,82,193,72,121,7088,984,6104,257,106,151
2024-06-25,283,104,179,227,99,128,1658,547,1111,4980,1002,3978,251,99,152,232,85,147,1012,377,635,713,242,471,145,74,71,178,68,110,5814,931,4883,236,95,141
2024-06-26,305,106,199,251,93,158,2155,543,1612,6057,988,5069,280,104,176,218,101,117,1222,383,839,788,253,535,132,61,71,191,66,125,6814,940,5874,252,89,163
2024-06-27,309,123,186,317,112,205,2603,758,1845,5955,1021,4934,302,120,182,235,104,131,1234,439,795,738,233,505,144,66,78,181,72,109,6298,932,5366,267,97,170
2024-06-28,279,114,165,241,106,135,2362,744,1618,5272,967,4305,260,106,154,206,85,121,1011,381,630,750,207,543,166,82,84,184,74,110,5730,908,4822,234,87,147
2024-06-29,298,102,196,247,80,167,2710,443,2267,6613,858,5755,301,101,200,204,57,147,1097,248,849,829,139,690,155,64,91,210,63,147,6425,605,5820,253,64,189
2024-06-30,306,82,224,268,66,202,8282,903,7379,6876,873,6003,252,82,170,199,68,131,1092,226,866,757,150,607,132,59,73,200,64,136,6045,605,5440,269,80,189
2024-07-01,367,125,242,310,114,196,8136,1687,6449,11720,1773,9947,280,97,183,253,99,154,1313,450,863,872,251,621,142,64,78,192,70,122,6010,898,5112,304,106,198
2024-07-02,334,114,220,274,110,164,4141,918,3223,7520,1053,6467,263,85,178,205,87,118,1283,453,830,855,250,605,159,72,87,177,64,113,5978,883,5095,268,85,183
2024-07-03,331,116,215,308,131,177,3389,849,2540,6855,993,5862,297,102,195,224,89,135,1284,436,848,856,265,591,176,68,108,208,76,132,5912,888,5024,270,87,183
2024-07-04,336,121,215,319,137,182,2951,843,2108,6279,963,5316,284,97,187,237,89,148,1294,433,861,879,256,623,155,66,89,226,72,154,7204,934,6270,263,104,159
2024-07-05,342,133,209,285,93,192,3156,884,2272,6363,964,5399,259,78,181,263,97,166,1312,451,861,1002,248,754,158,66,92,236,70,166,7007,926,6081,262,82,180
2024-07-06,333,102,231,268,70,198,2663,318,2345,6207,844,5363,273,74,199,185,59,126,1094,228,866,953,146,807,148,59,89,233,63,170,6521,675,5846,256,70,186
2024-07-07,315,76,239,274,78,196,2503,302,2201,7005,819,6186,272,91,181,223,72,151,1092,200,892,901,131,770,135,64,71,256,63,193,6663,608,6055,254,68,186
2024-07-08,314,108,206,314,116,198,2765,777,1988,6821,1009,5812,303,95,208,235,101,134,1328,453,875,916,270,646,133,59,74,241,80,161,6950,968,5982,268,89,179
2024-07-09,322,118,204,267,112,155,2358,557,1801,6682,1004,5678,286,93,193,235,91,144,1339,461,878,962,260,702,173,78,95,209,68,141,6456,903,5553,259,97,162
2024-07-10,325,114,211,295,116,179,2140,482,1658,6151,983,5168,314,106,208,215,85,130,1241,389,852,1008,307,701,157,74,83,194,68,126,6339,899,5440,250,95,155
2024-07-11,384,139,245,322,123,199,1988,457,1531,6823,1026,5797,318,97,221,219,83,136,1352,488,864,977,273,704,152,68,84,219,68,151,6904,916,5988,249,83,166
2024-07-12,376,123,253,312,114,198,2078,459,1619,6390,980,5410,313,99,214,258,114,144,1309,439,870,990,268,722,144,70,74,241,68,173,7401,945,6456,275,93,182
2024-07-13,339,78,261,313,93,220,2010,233,1777,6773,861,5912,333,72,261,215,76,139,1158,279,879,960,169,791,151,64,87,234,63,171,6320,552,5768,258,76,182
2024-07-14,325,80,245,272,70,202,1971,234,1737,6324,847,5477,276,76,200,215,83,132,1101,231,870,938,154,784,150,63,87,210,59,151,7311,577,6734,242,63,179
2024-07-15,377,146,231,265,110,155,1974,417,1557,6202,990,5212,286,87,199,248,97,151,1309,433,876,1041,271,770,154,63,91,207,63,144,8409,947,7462,271,97,174
2024-07-16,394,123,271,274,95,179,1999,451,1548,6621,1046,5575,299,123,176,263,120,143,1343,465,878,1114,318,796,153,66,87,202,76,126,8768,1001,7767,243,85,158
2024-07-17,330,99,231,260,89,171,2059,468,1591,6802,999,5803,306,101,205,242,101,141,1380,478,902,1081,239,842,172,70,102,219,70,149,8435,969,7466,271,97,174
2024-07-18,348,116,232,278,110,168,1978,450,1528,6732,1031,5701,314,95,219,245,101,144,1357,470,887,1029,340,689,173,74,99,219,83,136,9255,999,8256,288,95,193
2024-07-19,377,125,252,283,118,165,2064,406,1658,6561,981,5580,275,89,186,231,76,155,1302,426,876,1104,262,842,169,70,99,229,78,151,9312,1017,8295,244,89,155
2024-07-20,364,87,277,249,66,183,2174,215,1959,6798,850,5948,283,68,215,240,70,170,1130,236,894,1016,150,866,156,63,93,229,66,163,9100,775,8325,253,64,189
2024-07-21,327,80,247,250,70,180,2861,193,2668,6746,833,5913,290,78,212,219,64,155,1108,201,907,965,162,803,166,61,105,228,63,165,9177,651,8526,246,64,182
2024-07-22,358,99,259,291,110,181,2088,456,1632,6614,1003,5611,290,97,193,290,112,178,1351,456,895,985,231,754,187,78,109,217,66,151,9266,1030,8236,241,74,167
2024-07-23,353,93,260,286,112,174,1962,405,1557,6970,980,5990,298,101,197,244,112,132,1343,448,895,1037,248,789,167,74,93,220,68,152,8757,987,7770,276,95,181
2024-07-24,341,127,214,269,99,170,1950,439,1511,6893,1087,5806,336,104,232,210,80,130,1397,490,907,1076,271,805,160,68,92,208,70,138,10576,1173,9403,263,101,162
2024-07-25,377,131,246,253,102,151,1782,461,1321,6335,991,5344,299,110,189,244,108,136,1312,428,884,937,268,669,165,74,91,187,70,117,10178,1215,8963,230,91,139
2024-07-26,418,133,285,257,102,155,1853,352,1501,6783,995,5788,285,93,192,236,104,132,1355,475,880,951,229,722,165,66,99,220,72,148,14694,1502,13192,262,89,173
2024-07-27,344,102,242,259,76,183,1751,202,1549,7527,794,6733,294,82,212,223,74,149,1150,259,891,962,172,790,155,66,89,234,61,173,14804,893,13911,247,64,183
2024-07-28,332,91,241,240,76,164,1560,146,1414,9254,897,8357,299,87,212,208,61,147,1121,223,898,901,158,743,150,63,87,221,63,158,12636,855,11781,235,76,159
2024-07-29,400,123,277,300,121,179,1836,437,1399,9127,1269,7858,307,104,203,240,91,149,1356,454,902,957,245,712,150,61,89,208,74,134,10491,1127,9364,251,78,173
2024-07-30,371,133,238,280,129,151,1781,411,1370,10449,1211,9238,312,85,227,239,95,144,1410,509,901,972,256,716,152,72,80,206,68,138,9802,1039,8763,261,101,160
2024-07-31,387,123,264,265,114,151,1787,417,1370,8611,1164,7447,280,85,195,251,93,158,1323,436,887,989,281,708,163,66,97,183,57,126,9663,975,8688,252,101,151
2024-08-01,354,118,236,280,110,170,1702,372,1330,8023,1077,6946,318,106,212,225,74,151,1343,448,895,1053,296,757,168,68,100,204,76,128,8224,986,7238,261,91,170
2024-08-02,321,120,201,259,97,162,1649,284,1365,6696,969,5727,283,91,192,256,99,157,1302,416,886,977,265,712,173,76,97,224,64,160,7474,948,6526,238,87,151
2024-08-03,298,83,215,279,83,196,1793,194,1599,6889,862,6027,333,83,250,230,72,158,1136,237,899,1008,148,860,165,63,102,226,66,160,6819,622,6197,262,76,186
2024-08-04,318,83,235,277,80,197,1837,186,1651,7317,853,6464,294,89,205,220,66,154,1138,226,912,1020,173,847,160,63,97,219,57,162,7294,648,6646,256,70,186
2024-08-05,359,110,249,296,131,165,1862,423,1439,7348,996,6352,309,89,220,242,104,138,1404,499,905,1091,298,793,158,59,99,219,85,134,7943,1006,6937,240,97,143
2024-08-06,380,123,257,260,95,165,1819,352,1467,7020,993,6027,356,83,273,201,78,123,1337,443,894,1064,267,797,172,66,106,181,64,117,8875,986,7889,297,104,193
2024-08-07,362,121,241,259,104,155,1828,394,1434,7259,1078,6181,325,108,217,247,89,158,1368,475,893,1037,264,773,172,70,102,180,68,112,7830,957,6873,261,97,164
2024-08-08,393,150,243,279,108,171,1769,394,1375,6782,1007,5775,314,87,227,214,89,125,1340,442,898,1106,316,790,163,74,89,190,78,112,7606,969,6637,255,93,162
2024-08-09,373,110,263,291,121,170,1752,344,1408,6759,987,5772,325,89,236,221,93,128,1379,459,920,1051,268,783,163,61,102,224,70,154,8219,945,7274,263,97,166
2024-08-10,369,89,280,279,70,209,1710,182,1528,6671,800,5871,268,72,196,203,78,125,1122,216,906,999,155,844,177,72,105,228,68,160,8141,679,7462,267,78,189
2024-08-11,355,78,277,238,64,174,1856,222,1634,6983,836,6147,261,74,187,204,68,136,1134,220,914,1007,154,853,152,57,95,213,59,154,8696,589,8107,237,64,173
2024-08-12,460,129,331,273,108,165,1887,425,1462,8014,1184,6830,323,108,215,230,89,141,1438,521,917,1099,285,814,176,68,108,219,85,134,12010,1056,10954,281,99,182
2024-08-13,374,114,260,255,93,162,2150,434,1716,7668,1051,6617,316,91,225,230,78,152,1379,445,934,1087,287,800,161,68,93,221,70,151,9606,994,8612,282,93,189
2024-08-14,392,133,259,269,121,148,2085,502,1583,6440,1047,5393,295,83,212,207,89,118,1394,493,901,1003,302,701,173,80,93,218,74,144,10164,1141,9023,268,104,164
2024-08-15,402,127,275,287,125,162,1934,512,1422,6832,996,5836,332,93,239,217,87,130,1327,426,901,1138,312,826,163,72,91,217,87,130,12118,1201,10917,263,93,170
2024-08-16,393,118,275,260,102,158,1876,395,1481,6658,996,5662,289,106,183,225,87,138,1295,392,903,1126,305,821,151,72,79,219,74,145,10264,1045,9219,255,91,164
2024-08-17,392,93,299,275,76,199,1923,256,1667,7092,880,6212,354,97,257,208,72,136,1169,250,919,1008,150,858,168,68,100,214,63,151,13705,865,12840,244,64,180
2024-08-18,339,78,261,278,80,198,1794,239,1555,6832,852,5980,339,87,252,173,64,109,1141,218,923,943,140,803,159,64,95,231,63,168,11186,716,10470,259,72,187
2024-08-19,393,108,285,295,121,174,1983,411,1572,6835,1026,5809,356,110,246,223,87,136,1355,442,913,1093,335,758,157,70,87,240,85,155,11110,1073,10037,267,102,165
2024-08-20,632,302,330,301,125,176,1855,414,1441,6925,986,5939,391,114,277,217,82,135,1414,473,941,1069,264,805,143,63,80,236,89,147,11181,976,10205,293,106,187
2024-08-21,550,318,232,281,121,160,1929,437,1492,6621,987,5634,349,89,260,246,95,151,1387,470,917,957,220,737,151,68,83,198,66,132,11316,1050,10266,248,89,159
2024-08-22,1093,841,252,284,125,159,1819,426,1393,6840,1060,5780,354,125,229,216,82,134,1365,453,912,1126,281,845,163,76,87,197,72,125,8650,971,7679,268,101,167
2024-08-23,1088,854,234,364,137,227,1948,419,1529,6572,972,5600,355,112,243,190,80,110,1346,423,923,1145,287,858,152,61,91,233,66,167,7445,905,6540,284,114,170
2024-08-24,1112,850,262,292,80,212,2011,273,1738,6920,858,6062,327,82,245,204,76,128,1169,243,926,1018,165,853,156,61,95,245,59,186,6417,633,5784,261,68,193
2024-08-25,339,72,267,272,72,200,2028,313,1715,6559,836,5723,326,102,224,188,57,131,1182,243,939,973,112,861,146,59,87,235,64,171,6410,549,5861,238,64,174
2024-08-26,391,114,277,296,118,178,1937,436,1501,6545,986,5559,355,131,224,228,97,131,1314,416,898,1081,270,811,148,70,78,200,70,130,6699,945,5754,264,102,162
2024-08-27,350,114,236,259,95,164,1905,465,1440,6530,1016,5514,341,102,239,232,91,141,1319,409,910,1047,267,780,159,63,96,182,74,108,6362,892,5470,261,91,170
2024-08-28,373,120,253,266,93,173,1874,450,1424,6336,982,5354,313,89,224,189,83,106,1291,397,894,984,242,742,152,63,89,186,87,99,7768,965,6803,245,74,171
2024-08-29,394,125,269,256,104,152,1747,443,1304,6770,1048,5722,379,95,284,221,76,145,1271,394,877,966,222,744,159,80,79,170,74,96,7555,954,6601,251,87,164
2024-08-30,323,106,217,274,93,181,1743,476,1267,6579,1141,5438,367,121,246,193,89,104,1234,363,871,893,237,656,152,78,74,170,78,92,6005,917,5088,246,76,170
2024-08-31,335,87,248,296,72,224,1800,333,1467,7154,868,6286,379,106,273,176,74,102,1098,213,885,799,125,674,140,57,83,178,59,119,5769,623,5146,245,80,165
2024-09-01,271,72,199,236,76,160,2676,357,2319,6415,843,5572,311,89,222,184,72,112,1065,212,853,713,139,574,128,57,71,181,59,122,5515,507,5008,241,80,161
2024-09-02,299,120,179,229,93,136,1914,561,1353,5803,985,4818,275,108,167,227,99,128,1288,434,854,777,245,532,167,76,91,165,70,95,6884,966,5918,242,106,136
2024-09-03,304,104,200,329,139,190,1831,484,1347,5638,975,4663,275,110,165,198,93,105,1266,411,855,764,231,533,153,61,92,173,82,91,8370,1054,7316,216,91,125
2024-09-04,367,142,225,257,106,151,1755,423,1332,5700,985,4715,293,104,189,190,85,105,1266,416,850,799,256,543,141,63,78,171,63,108,10864,1254,9610,221,93,128
2024-09-05,449,161,288,315,129,186,2092,623,1469,6062,1081,4981,273,106,167,199,91,108,1254,403,851,789,228,561,150,70,80,191,76,115,17055,2246,14809,245,87,158
2024-09-06,385,135,250,344,129,215,2180,627,1553,6105,1101,5004,269,102,167,195,78,117,1248,389,859,802,197,605,144,70,74,204,78,126,17792,2369,15423,243,80,163
2024-09-07,318,93,225,228,70,158,1609,264,1345,5902,845,5057,263,87,176,168,66,102,1074,211,863,724,127,597,86,0,86,216,68,148,9549,879,8670,239,72,167
2024-09-08,297,82,215,253,76,177,1562,204,1358,5917,842,5075,335,99,236,176,76,100,1121,253,868,709,120,589,133,57,76,173,61,112,6841,676,6165,223,72,151
2024-09-09,288,110,178,232,91,141,1575,381,1194,5672,994,4678,290,101,189,199,93,106,1276,465,811,755,247,508,139,66,73,178,72,106,6680,1040,5640,246,89,157
2024-09-10,360,155,205,235,101,134,1538,397,1141,6072,981,5091,267,104,163,198,89,109,1132,366,766,744,243,501,142,72,70,172,64,108,5566,927,4639,235,83,152
2024-09-11,304,114,190,245,110,135,1614,521,1093,5402,977,4425,250,95,155,173,74,99,1069,428,641,775,247,528,152,78,74,152,63,89,5248,953,4295,225,80,145
2024-09-12,298,102,196,253,106,147,1600,428,1172,5907,964,4943,293,93,200,194,82,112,1153,448,705,778,228,550,147,74,73,148,64,84,5670,956,4714,259,118,141
2024-09-13,315,116,199,320,112,208,1443,414,1029,5757,972,4785,298,116,182,191,76,115,1098,388,710,801,209,592,142,63,79,154,68,86,6141,939,5202,231,76,155
2024-09-14,313,110,203,294,108,186,1407,391,1016,5641,951,4690,278,89,189,185,76,109,1143,378,765,854,251,603,142,66,76,176,74,102,7714,1084,6630,254,80,174
2024-09-15,271,76,195,249,64,185,1390,148,1242,5978,755,5223,297,91,206,197,66,131,1070,216,854,930,129,801,143,59,84,163,57,106,6123,606,5517,228,64,164
2024-09-16,294,76,218,245,66,179,1507,190,1317,6778,841,5937,270,80,190,183,57,126,1073,201,872,1016,154,862,144,64,80,187,61,126,5939,499,5440,253,68,185
2024-09-17,294,72,222,235,80,155,1600,198,1402,6831,845,5986,322,87,235,192,66,126,1056,212,844,810,127,683,78,0,78,172,57,115,5684,564,5120,239,72,167
2024-09-18,351,110,241,272,112,160,1660,488,1172,6691,1199,5492,297,101,196,205,99,106,1272,492,780,829,262,567,147,68,79,157,66,91,6709,992,5717,251,87,164
2024-09-19,408,127,281,224,112,112,1657,509,1148,6477,1044,5433,276,108,168,227,104,123,1203,394,809,830,262,568,129,64,65,182,80,102,7031,998,6033,220,89,131
2024-09-20,351,123,228,270,125,145,1464,388,1076,6158,994,5164,281,104,177,198,89,109,1194,419,775,856,257,599,137,63,74,172,66,106,8683,1043,7640,269,101,168
2024-09-21,330,85,245,245,83,162,1485,245,1240,6250,870,5380,247,80,167,191,74,117,1114,264,850,831,165,666,143,61,82,189,59,130,10687,878,9809,246,83,163
2024-09-22,360,72,288,242,72,170,1750,270,1480,6271,822,5449,278,82,196,181,68,113,1070,219,851,733,148,585,145,66,79,196,66,130,10166,841,9325,243,63,180
2024-09-23,324,120,204,258,106,152,1995,586,1409,6123,1065,5058,276,114,162,235,104,131,1192,459,733,795,245,550,146,64,82,176,76,100,10698,1298,9400,235,83,152
2024-09-24,374,133,241,268,127,141,1946,476,1470,6063,1000,5063,263,78,185,205,95,110,1191,442,749,791,248,543,156,72,84,188,76,112,9100,1052,8048,253,102,151
2024-09-25,316,116,200,295,137,158,1950,488,1462,5935,1011,4924,291,108,183,228,97,131,1147,420,727,773,220,553,137,68,69,199,82,117,7176,956,6220,257,99,158
2024-09-26,324,106,218,279,121,158,2549,847,1702,6156,1100,5056,275,95,180,202,89,113,1181,468,713,812,288,524,152,76,76,160,64,96,6343,952,5391,234,89,145
2024-09-27,324,118,206,276,127,149,1878,616,1262,5690,997,4693,252,97,155,201,89,112,1110,391,719,837,262,575,158,74,84,165,74,91,6394,947,5447,255,93,162
2024-09-28,330,101,229,257,78,179,1943,336,1607,6064,882,5182,257,91,166,191,78,113,1064,248,816,792,165,627,141,59,82,163,66,97,7135,775,6360,270,72,198
2024-09-29,360,152,208,284,120,164,2203,622,1581,5895,1020,4875,317,125,192,218,110,108,1226,408,818,912,310,602,155,66,89,166,64,102,7183,935,6248,280,97,183
2024-09-30,332,139,193,316,137,179,2091,645,1446,5995,943,5052,279,99,180,217,82,135,1286,436,850,859,256,603,146,63,83,165,68,97,8305,963,7342,325,108,217
2024-10-01,310,78,232,313,78,235,2390,220,2170,7013,772,6241,287,72,215,192,64,128,1107,220,887,1037,154,883,146,57,89,174,57,117,8972,833,8139,352,63,289
2024-10-02,320,95,225,270,72,198,2389,247,2142,7414,844,6570,304,80,224,202,66,136,1119,198,921,1056,146,910,148,59,89,150,61,89,7277,560,6717,309,80,229
2024-10-03,284,87,197,309,78,231,2369,216,2153,7265,854,6411,343,91,252,171,61,110,1106,204,902,1055,148,907,168,59,109,163,61,102,5909,557,5352,297,63,234
2024-10-04,282,74,208,249,76,173,2667,302,2365,6428,843,5585,339,83,256,185,72,113,1101,213,888,1016,125,891,159,59,100,187,59,128,5600,580,5020,311,68,243
2024-10-05,318,89,229,236,63,173,2563,330,2233,6137,755,5382,286,72,214,180,68,112,1082,202,880,1024,159,865,145,61,84,184,59,125,4345,544,3801,313,82,231
2024-10-06,332,93,239,255,74,181,2682,431,2251,6136,810,5326,310,95,215,177,68,109,1024,170,854,930,148,782,130,59,71,202,74,128,4367,574,3793,246,72,174
2024-10-07,327,91,236,266,87,179,2658,599,2059,6194,892,5302,333,87,246,181,68,113,1128,274,854,840,173,667,146,64,82,161,64,97,4440,658,3782,238,74,164
2024-10-08,331,123,208,222,101,121,2022,654,1368,5762,1152,4610,273,108,165,196,97,99,1060,394,666,766,274,492,147,63,84,166,74,92,4450,860,3590,233,85,148
2024-10-09,287,102,185,271,127,144,1942,616,1326,5303,999,4304,238,89,149,218,101,117,1029,388,641,791,267,524,136,70,66,188,78,110,4641,865,3776,250,95,155
2024-10-10,324,125,199,255,120,135,1945,599,1346,5500,1131,4369,253,112,141,205,97,108,1036,423,613,802,243,559,143,72,71,164,78,86,4343,849,3494,249,83,166
2024-10-11,266,104,162,284,102,182,2295,659,1636,5462,1029,4433,238,76,162,177,85,92,1107,380,727,764,257,507,135,66,69,155,64,91,4599,841,3758,267,101,166
2024-10-12,313,110,203,264,97,167,2036,507,1529,5460,950,4510,234,82,152,190,78,112,1011,333,678,781,211,570,145,74,71,167,57,110,4414,785,3629,212,68,144
2024-10-13,252,82,170,234,72,162,2105,371,1734,6122,852,5270,288,110,178,186,78,108,950,187,763,725,135,590,150,61,89,154,59,95,4592,516,4076,182,0,182
2024-10-14,342,118,224,282,104,178,2438,808,1630,6045,1122,4923,282,108,174,190,93,97,1152,425,727,764,228,536,152,70,82,151,68,83,5108,892,4216,228,89,139
2024-10-15,311,112,199,230,87,143,2139,673,1466,5847,1000,4847,257,83,174,193,85,108,1035,344,691,691,205,486,163,76,87,153,64,89,5105,905,4200,240,85,155
2024-10-16,318,116,202,238,106,132,2204,693,1511,5830,1108,4722,274,110,164,186,87,99,1173,400,773,805,267,538,159,76,83,163,64,99,5237,894,4343,257,95,162
2024-10-17,294,110,184,261,99,162,1999,519,1480,5744,998,4746,253,95,158,203,91,112,1181,397,784,745,231,514,148,66,82,186,78,108,5078,871,4207,243,78,165
2024-10-18,298,118,180,260,108,152,1940,501,1439,5485,967,4518,247,82,165,198,93,105,1100,350,750,836,262,574,145,66,79,164,72,92,5315,902,4413,246,76,170
2024-10-19,299,106,193,234,64,170,1752,305,1447,5530,785,4745,243,70,173,172,70,102,1027,222,805,859,135,724,147,63,84,174,61,113,5385,707,4678,238,74,164
2024-10-20,250,82,168,223,64,159,1842,315,1527,5355,760,4595,238,76,162,192,66,126,975,200,775,733,116,617,152,59,93,171,59,112,5547,651,4896,210,59,151
2024-10-21,276,106,170,272,106,166,2148,620,1528,5574,1025,4549,242,83,159,196,97,99,1103,409,694,720,251,469,148,59,89,192,74,118,5967,917,5050,239,85,154
2024-10-22,303,120,183,244,89,155,2299,650,1649,5862,972,4890,256,89,167,198,102,96,1137,428,709,705,243,462,160,68,92,162,70,92,6397,964,5433,235,91,144
2024-10-23,292,95,197,229,95,134,2160,600,1560,5507,970,4537,246,101,145,210,93,117,1135,372,763,663,223,440,132,61,71,188,76,112,6365,954,5411,241,93,148
2024-10-24,356,110,246,237,99,138,2028,549,1479,5441,969,4472,242,85,157,195,91,104,1074,366,708,769,222,547,150,63,87,160,68,92,6674,991,5683,234,82,152
2024-10-25,282,123,159,220,85,135,2158,681,1477,5361,941,4420,225,76,149,169,72,97,1112,344,768,729,208,521,78,0,78,169,70,99,6853,963,5890,243,80,163
2024-10-26,288,95,193,216,68,148,1850,307,1543,5687,823,4864,242,63,179,177,64,113,1032,195,837,803,152,651,154,63,91,109,0,109,7460,844,6616,247,85,162
2024-10-27,297,91,206,221,66,155,1953,371,1582,5380,744,4636,264,82,182,153,61,92,1065,208,857,676,102,574,141,61,80,161,57,104,5676,492,5184,221,63,158
2024-10-28,313,120,193,212,99,113,2344,595,1749,5682,985,4697,227,76,151,178,78,100,1164,363,801,764,242,522,150,70,80,178,76,102,5805,915,4890,242,85,157
2024-10-29,301,125,176,242,114,128,2187,506,1681,5380,989,4391,200,74,126,160,74,86,1108,386,722,763,242,521,150,63,87,155,63,92,5247,880,4367,217,83,134
2024-10-30,305,112,193,272,104,168,1989,549,1440,5291,960,4331,251,87,164,180,83,97,1130,374,756,737,209,528,137,63,74,151,68,83,5272,873,4399,247,87,160
2024-10-31,272,85,187,241,97,144,1824,470,1354,5461,995,4466,266,101,165,184,80,104,1157,395,762,722,219,503,137,64,73,159,64,95,5339,880,4459,227,83,144
2024-11-01,305,97,208,269,114,155,1569,412,1157,5484,948,4536,219,78,141,172,66,106,1146,357,789,691,193,498,150,66,84,145,59,86,5153,880,4273,261,114,147
2024-11-02,270,80,190,213,72,141,1634,259,1375,5822,866,4956,238,83,155,140,64,76,1055,202,853,704,101,603,134,61,73,157,61,96,4560,532,4028,237,63,174
2024-11-03,301,93,208,230,70,160,1692,327,1365,5472,732,4740,252,70,182,174,61,113,1056,209,847,652,108,544,137,63,74,161,61,100,4446,530,3916,225,70,155
2024-11-04,303,129,174,250,102,148,1763,493,1270,5301,994,4307,261,101,160,158,72,86,1137,386,751,716,237,479,150,64,86,158,66,92,5159,898,4261,249,82,167
2024-11-05,290,120,170,259,110,149,1680,454,1226,5593,999,4594,244,89,155,172,76,96,1143,399,744,668,245,423,140,64,76,150,61,89,4898,882,4016,204,82,122
2024-11-06,318,114,204,249,95,154,1698,488,1210,5152,966,4186,221,70,151,187,91,96,1094,364,730,626,200,426,153,64,89,137,63,74,5044,893,4151,270,116,154
2024-11-07,264,112,152,236,93,143,1632,436,1196,5283,939,4344,233,70,163,206,104,102,1142,358,784,644,187,457,141,63,78,189,61,128,5446,908,4538,251,80,171
2024-11-08,298,116,182,245,104,141,1517,400,1117,5019,937,4082,256,82,174,182,76,106,1165,374,791,717,262,455,140,70,70,169,70,99,6231,970,5261,226,74,152
2024-11-09,279,80,199,263,78,185,1613,285,1328,5371,786,4585,235,76,159,162,66,96,1055,212,843,703,118,585,130,61,69,156,61,95,7000,760,6240,196,57,139
2024-11-10,302,85,217,232,70,162,1717,350,1367,5301,682,4619,241,82,159,167,63,104,1031,220,811,616,120,496,146,59,87,170,66,104,6621,668,5953,232,74,158
2024-11-11,329,123,206,251,110,141,1867,547,1320,5129,949,4180,259,82,177,190,99,91,1110,369,741,725,242,483,158,72,86,166,70,96,6546,978,5568,238,99,139
2024-11-12,315,114,201,268,97,171,2022,569,1453,5634,979,4655,265,108,157,207,97,110,1241,400,841,760,243,517,167,78,89,176,66,110,6507,958,5549,234,83,151
2024-11-13,317,139,178,233,95,138,2005,541,1464,5459,981,4478,255,91,164,191,89,102,1251,408,843,811,229,582,145,66,79,176,68,108,10416,1284,9132,242,85,157
2024-11-14,338,114,224,271,101,170,1954,484,1470,5918,986,4932,273,118,155,201,93,108,1174,388,786,740,228,512,146,68,78,150,66,84,12619,1614,11005,224,72,152
2024-11-15,309,112,197,360,154,206,1637,411,1226,5443,963,4480,248,83,165,211,93,118,1167,374,793,766,188,578,146,64,82,162,70,92,11056,1486,9570,262,89,173
2024-11-16,293,74,219,262,83,179,1828,310,1518,5745,831,4914,218,80,138,167,76,91,1054,207,847,759,108,651,143,63,80,119,0,119,9630,859,8771,219,64,155
2024-11-17,265,72,193,249,78,171,1839,323,1516,5633,741,4892,253,76,177,170,70,100,1054,200,854,608,108,500,144,66,78,180,57,123,9619,794,8825,217,66,151
2024-11-18,305,93,212,271,116,155,1832,543,1289,5318,990,4328,288,114,174,204,95,109,1178,440,738,774,276,498,167,72,95,168,68,100,9732,1082,8650,220,72,148
2024-11-19,273,95,178,263,118,145,1798,529,1269,5512,1064,4448,248,97,151,173,74,99,1098,385,713,646,216,430,143,63,80,156,72,84,11866,1374,10492,248,99,149
2024-11-20,249,89,160,301,137,164,1834,532,1302,5203,977,4226,271,116,155,180,85,95,1134,378,756,640,239,401,139,61,78,148,68,80,13175,1415,11760,218,87,131
2024-11-21,284,99,185,267,108,159,1707,473,1234,5551,1029,4522,241,80,161,188,82,106,1225,420,805,681,219,462,139,66,73,149,63,86,10128,1101,9027,212,80,132
2024-11-22,262,101,161,256,99,157,1466,408,1058,4909,959,3950,233,78,155,176,72,104,1115,395,720,736,200,536,147,64,83,139,66,73,8337,1086,7251,252,95,157
2024-11-23,290,106,184,254,89,165,1605,290,1315,5575,825,4750,246,68,178,200,72,128,1059,218,841,804,137,667,158,59,99,169,61,108,7989,857,7132,231,64,167
2024-11-24,273,78,195,232,66,166,1768,343,1425,5308,811,4497,282,89,193,150,64,86,985,173,812,680,116,564,150,59,91,153,64,89,9677,837,8840,222,63,159
2024-11-25,267,104,163,243,104,139,1875,547,1328,5334,989,4345,260,83,177,187,91,96,1205,375,830,760,264,496,160,74,86,176,70,106,10188,1255,8933,246,89,157
2024-11-26,292,110,182,262,114,148,1809,465,1344,5530,978,4552,246,85,161,217,102,115,1204,459,745,660,184,476,161,74,87,169,72,97,8911,968,7943,214,89,125
2024-11-27,263,97,166,257,106,151,1863,488,1375,5291,960,4331,268,89,179,167,74,93,1161,392,769,736,226,510,156,64,92,166,70,96,8047,948,7099,257,95,162
2024-11-28,438,183,255,244,97,147,1784,484,1300,5509,976,4533,246,95,151,165,83,82,1115,386,729,708,211,497,134,68,66,159,64,95,7387,946,6441,227,76,151
2024-11-29,358,131,227,301,135,166,1643,395,1248,5464,990,4474,258,114,144,188,89,99,1128,377,751,778,234,544,147,63,84,191,76,115,6810,905,5905,259,89,170
2024-11-30,287,91,196,284,97,187,1711,268,1443,5675,841,4834,265,99,166,178,78,100,1060,215,845,833,121,712,146,59,87,204,68,136,6541,589,5952,251,80,171
2024-12-01,325,91,234,238,68,170,4299,470,3829,5352,779,4573,280,91,189,178,61,117,1039,194,845,788,142,646,150,61,89,240,66,174,6840,535,6305,237,63,174
2024-12-02,308,125,183,285,144,141,3476,671,2805,5392,983,4409,278,102,176,195,99,96,1255,454,801,873,274,599,150,70,80,214,80,134,8150,939,7211,250,102,148
2024-12-03,314,121,193,396,114,282,2287,659,1628,6073,1089,4984,271,97,174,194,89,105,1232,443,789,809,290,519,143,61,82,166,66,100,8278,952,7326,248,97,151
2024-12-04,301,118,183,353,125,228,2124,558,1566,5684,981,4703,302,110,192,199,91,108,1161,395,766,761,242,519,152,78,74,182,63,119,8529,915,7614,227,91,136
2024-12-05,294,104,190,329,102,227,2074,502,1572,6242,1087,5155,248,74,174,217,108,109,1241,468,773,851,279,572,166,70,96,173,76,97,9216,936,8280,230,85,145
2024-12-06,299,102,197,410,125,285,1917,504,1413,5658,984,4674,254,95,159,200,82,118,1194,439,755,835,260,575,155,64,91,182,70,112,8721,911,7810,257,91,166
2024-12-07,259,80,179,316,74,242,1806,288,1518,6422,851,5571,242,74,168,164,72,92,1084,239,845,847,151,696,152,63,89,172,64,108,8317,571,7746,236,78,158
2024-12-08,265,76,189,281,66,215,1797,305,1492,6138,803,5335,249,82,167,176,72,104,1034,222,812,769,127,642,154,63,91,183,61,122,8614,602,8012,243,70,173
2024-12-09,295,118,177,363,118,245,1893,546,1347,5765,1076,4689,250,85,165,211,99,112,1225,473,752,784,228,556,138,59,79,159,68,91,10030,972,9058,249,91,158
2024-12-10,294,112,182,277,104,173,1864,568,1296,5742,993,4749,273,114,159,185,101,84,1136,420,716,792,257,535,172,80,92,163,70,93,9792,973,8819,246,89,157
2024-12-11,288,95,193,294,137,157,2359,634,1725,5465,983,4482,235,83,152,195,82,113,1201,447,754,803,236,567,154,72,82,174,66,108,10327,964,9363,270,108,162
2024-12-12,290,104,186,259,104,155,2140,611,1529,5718,983,4735,267,112,155,218,87,131,1156,433,723,768,229,539,154,68,86,158,74,84,10336,970,9366,252,95,157
2024-12-13,292,99,193,301,131,170,1580,440,1140,5883,949,4934,252,91,161,207,101,106,1170,408,762,917,267,650,142,66,76,188,76,112,10271,971,9300,246,95,151
2024-12-14,272,82,190,255,82,173,1666,301,1365,6349,859,5490,254,83,171,189,66,123,1097,260,837,981,155,826,148,66,82,171,59,112,10356,841,9515,234,66,168
2024-12-15,272,89,183,214,76,138,1844,301,1543,5999,749,5250,279,80,199,165,63,102,1055,209,846,808,131,677,147,61,86,167,63,104,9887,651,9236,233,70,163
2024-12-16,299,110,189,272,121,151,1892,560,1332,5994,1181,4813,265,87,178,207,102,105,1210,473,737,819,229,590,144,61,83,163,66,97,10189,987,9202,230,85,145
2024-12-17,281,110,171,274,108,166,2008,582,1426,6388,1102,5286,270,104,166,225,95,130,1244,416,828,799,259,540,168,76,92,175,66,109,9348,936,8412,254,99,155
2024-12-18,309,97,212,263,102,161,2281,749,1532,8323,1383,6940,285,102,183,219,91,128,1279,443,836,876,302,574,146,68,78,196,68,128,9319,944,8375,288,137,151
2024-12-19,315,123,192,271,116,155,2306,659,1647,11279,1592,9687,268,110,158,219,91,128,1390,507,883,899,302,597,155,72,83,163,63,100,9586,953,8633,255,101,154
2024-12-20,335,133,202,351,139,212,2431,577,1854,13076,1908,11168,272,106,166,212,87,125,1358,488,870,905,267,638,148,70,78,194,76,118,9052,933,8119,260,106,154
2024-12-21,303,78,225,259,91,168,2264,372,1892,8642,929,7713,271,97,174,188,80,108,1130,278,852,1011,166,845,150,61,89,212,64,148,8200,664,7536,251,64,187
2024-12-22,285,76,209,275,82,193,2140,378,1762,6636,863,5773,302,97,205,193,72,121,1066,208,858,955,155,800,148,61,87,192,57,135,8209,605,7604,246,72,174
2024-12-23,326,129,197,254,97,157,2058,543,1515,6348,1262,5086,272,99,173,216,104,112,1354,510,844,920,313,607,157,74,83,173,63,110,8371,944,7427,260,87,173
2024-12-24,286,106,180,272,114,158,1781,487,1294,5881,1049,4832,256,82,174,234,95,139,1165,448,717,745,188,557,151,59,92,174,72,102,6796,892,5904,238,76,162
2024-12-25,296,110,186,274,101,173,1644,479,1165,5779,1054,4725,284,91,193,233,112,121,1163,397,766,748,209,539,148,68,80,165,66,99,7298,900,6398,248,93,155
2024-12-26,295,102,193,307,121,186,1606,437,1169,5611,958,4653,258,101,157,201,82,119,1111,375,736,727,220,507,148,66,82,168,72,96,6865,911,5954,249,82,167
2024-12-27,282,89,193,371,133,238,1485,412,1073,5263,954,4309,251,93,158,233,102,131,1113,377,736,817,259,558,154,74,80,191,66,125,6904,880,6024,266,89,177
2024-12-28,268,89,179,427,131,296,1424,212,1212,5541,775,4766,276,64,212,213,85,128,1063,245,818,860,155,705,142,59,83,176,63,113,6483,554,5929,249,68,181
2024-12-29,262,80,182,437,118,319,1857,248,1609,5072,692,4380,265,76,189,168,68,100,1080,237,843,759,154,605,139,57,82,142,59,83,6323,518,5805,244,68,176
2024-12-30,298,97,201,435,165,270,1918,473,1445,5079,951,4128,227,82,145,239,118,121,1184,423,761,866,270,596,139,59,80,174,68,106,6294,882,5412,255,85,170
2024-12-31,279,102,177,356,152,204,1395,397,998,5081,938,4143,221,87,134,244,108,136,1026,327,699,891,257,634,148,68,80,167,61,106,5609,845,4764,261,91,170
2025-01-01,253,70,183,273,78,195,1553,195,1358,4998,616,4382,247,70,177,185,66,119,950,180,770,796,120,676,133,57,76,162,57,105,6186,443,5743,228,70,158
2025-01-02,303,127,176,283,101,182,1938,537,1401,5316,966,4350,241,83,158,199,91,108,1268,467,801,793,254,539,152,66,86,172,68,104,6789,891,5898,246,97,149
2025-01-03,317,127,190,319,129,190,1410,363,1047,5021,938,4083,244,93,151,216,99,117,1164,431,733,823,260,563,150,72,78,164,68,96,6693,884,5809,262,97,165
2025-01-04,302,87,215,278,78,200,1687,282,1405,5490,844,4646,243,78,165,191,74,117,1095,240,855,807,166,641,137,59,78,163,61,102,6617,561,6056,223,68,155
2025-01-05,305,85,220,326,78,248,1417,223,1194,5429,744,4685,270,80,190,215,80,135,1102,253,849,785,150,635,140,57,83,172,59,113,6790,512,6278,241,68,173
2025-01-06,326,131,195,316,133,183,1946,599,1347,5160,980,4180,280,106,174,241,106,135,1240,493,747,896,265,631,159,72,87,179,70,109,7090,905,6185,234,89,145
2025-01-07,288,114,174,297,127,170,1781,492,1289,5275,949,4326,254,87,167,206,102,104,1192,426,766,807,233,574,155,68,87,143,57,86,7064,888,6176,232,93,139
2025-01-08,275,93,182,284,114,170,1527,397,1130,5231,967,4264,256,101,155,192,82,110,1213,476,737,850,229,621,141,74,67,173,76,97,7376,886,6490,225,80,145
2025-01-09,321,112,209,322,133,189,1395,409,986,5139,962,4177,271,97,174,193,85,108,1264,484,780,816,259,557,150,64,86,171,66,105,7695,881,6814,253,93,160
2025-01-10,277,97,180,317,133,184,1348,360,988,4881,950,3931,274,101,173,201,82,119,1131,388,743,814,254,560,137,70,67,176,68,108,8289,894,7395,215,74,141
2025-01-11,275,95,180,271,85,186,1276,223,1053,5127,844,4283,227,80,147,180,63,117,966,239,727,786,142,644,154,68,86,159,59,100,7849,642,7207,234,64,170
2025-01-12,261,68,193,304,82,222,1291,204,1087,4975,772,4203,250,72,178,193,78,115,1062,225,837,760,150,610,139,57,82,92,0,92,7895,602,7293,246,64,182
2025-01-13,301,112,189,288,118,170,1421,366,1055,5277,965,4312,244,85,159,197,101,96,1185,419,766,787,233,554,146,63,83,141,59,82,7763,939,6824,258,106,152
2025-01-14,275,91,184,292,127,165,1547,383,1164,5265,966,4299,329,144,185,199,93,106,1208,428,780,816,231,585,144,66,78,146,63,83,7767,904,6863,219,74,145
2025-01-15,804,589,215,290,112,178,1410,388,1022,5823,954,4869,255,89,166,223,78,145,1257,428,829,844,251,593,153,74,79,183,68,115,7443,881,6562,263,108,155
2025-01-16,698,501,197,246,99,147,1381,343,1038,5673,952,4721,262,83,179,210,89,121,1229,434,795,871,222,649,143,63,80,182,70,112,7697,906,6791,237,93,144
2025-01-17,296,125,171,290,110,180,1353,323,1030,5992,934,5058,263,89,174,220,97,123,1260,416,844,906,265,641,142,63,79,176,64,112,8141,890,7251,272,85,187
2025-01-18,294,82,212,265,63,202,1389,254,1135,6017,763,5254,293,82,211,200,74,126,1082,219,863,920,152,768,161,57,104,215,64,151,8405,647,7758,285,70,215
2025-01-19,285,85,200,284,76,208,1305,179,1126,5861,738,5123,273,70,203,184,72,112,1079,212,867,845,146,699,163,63,100,171,61,110,8418,569,7849,304,72,232
2025-01-20,302,104,198,284,91,193,1464,333,1131,5183,919,4264,311,87,224,225,99,126,1220,380,840,902,240,662,161,68,93,177,64,113,8449,945,7504,255,78,177
2025-01-21,281,78,203,261,99,162,1636,301,1335,5331,942,4389,264,83,181,210,89,121,1246,405,841,898,225,673,144,66,78,172,68,104,9572,940,8632,260,95,165
2025-01-22,328,133,195,283,104,179,1496,307,1189,6224,913,5311,270,78,192,210,93,117,1186,349,837,945,239,706,140,66,74,176,61,115,11556,982,10574,271,72,199
2025-01-23,316,118,198,272,99,173,1413,278,1135,5632,888,4744,291,102,189,176,76,100,1177,355,822,874,207,667,153,64,89,178,66,112,11537,994,10543,275,82,193
2025-01-24,309,91,218,274,106,168,1483,274,1209,5237,873,4364,273,80,193,200,83,117,1204,354,850,880,211,669,155,64,91,190,64,126,10951,967,9984,294,93,201
2025-01-25,300,76,224,251,64,187,1483,152,1331,5129,654,4475,265,72,193,196,70,126,1059,209,850,877,158,719,148,57,91,168,59,109,11583,642,10941,257,70,187
2025-01-26,274,91,183,256,83,173,1578,219,1359,5141,772,4369,270,72,198,188,76,112,1111,270,841,754,127,627,132,59,73,178,59,119,15606,908,14698,229,70,159
2025-01-27,277,80,197,221,70,151,1401,161,1240,4505,637,3868,254,74,180,165,66,99,981,216,765,701,133,568,141,61,80,146,59,87,10758,690,10068,218,64,154
2025-01-28,264,64,200,233,70,163,1527,137,1390,4391,374,4017,243,72,171,174,59,115,824,118,706,589,85,504,79,0,79,150,61,89,7794,318,7476,212,64,148
2025-01-29,242,63,179,241,64,177,1794,139,1655,4410,400,4010,244,59,185,176,64,112,1004,154,850,663,93,570,151,59,92,149,57,92,9511,383,9128,227,59,168
2025-01-30,231,70,161,263,68,195,2334,151,2183,5141,411,4730,280,59,221,195,57,138,1063,154,909,901,112,789,143,57,86,150,57,93,11069,422,10647,276,68,208
2025-01-31,277,72,205,304,72,232,2593,154,2439,5912,504,5408,269,61,208,198,66,132,1049,155,894,906,112,794,91,0,91,141,57,84,12566,428,12138,267,66,201
2025-02-01,276,68,208,274,66,208,3165,200,2965,6061,457,5604,283,61,222,215,63,152,1096,173,923,943,108,835,97,0,97,71,0,71,11741,389,11352,263,64,199
2025-02-02,275,70,205,273,78,195,3407,191,3216,5796,555,5241,283,63,220,174,59,115,1049,155,894,931,135,796,136,57,79,142,59,83,12101,471,11630,267,59,208
2025-02-03,263,74,189,253,68,185,3007,202,2805,5842,609,5233,252,74,178,181,64,117,1092,204,888,815,95,720,146,57,89,135,61,74,12171,456,11715,231,70,161
2025-02-04,281,76,205,236,66,170,2618,191,2427,5687,645,5042,254,76,178,162,66,96,1061,191,870,766,121,645,89,0,89,148,61,87,9843,518,9325,236,59,177
2025-02-05,310,120,190,315,118,197,2051,363,1688,5588,929,4659,256,80,176,208,91,117,1146,301,845,831,211,620,145,63,82,156,59,97,10007,874,9133,258,85,173
2025-02-06,316,102,214,252,101,151,2564,386,2178,5585,939,4646,295,91,204,199,89,110,1222,361,861,765,209,556,140,70,70,174,68,106,10294,888,9406,233,85,148
2025-02-07,303,106,197,267,116,151,1914,350,1564,5645,912,4733,286,85,201,200,85,115,1211,364,847,807,209,598,151,64,87,184,74,110,11317,930,10387,264,87,177
2025-02-08,285,102,183,263,99,164,2005,369,1636,5609,922,4687,244,70,174,186,80,106,1239,377,862,779,166,613,130,57,73,169,78,91,10103,906,9197,259,83,176
2025-02-09,287,72,215,221,70,151,1994,229,1765,4994,723,4271,258,82,176,154,61,93,1021,180,841,679,102,577,152,61,91,156,57,99,8856,591,8265,208,72,136
2025-02-10,286,97,189,228,83,145,1906,409,1497,5089,920,4169,257,97,160,190,82,108,1148,354,794,703,211,492,135,61,74,196,78,118,8810,902,7908,230,85,145
2025-02-11,297,108,189,226,91,135,1684,405,1279,5293,919,4374,237,66,171,178,82,96,1155,310,845,712,215,497,132,61,71,143,57,86,8852,891,7961,248,85,163
2025-02-12,290,97,193,234,89,145,1842,391,1451,5019,900,4119,251,83,168,159,66,93,1098,321,777,562,168,394,120,57,63,132,63,69,10249,907,9342,212,78,134
2025-02-13,276,102,174,231,101,130,1974,419,1555,5104,933,4171,233,85,148,178,89,89,1114,357,757,643,179,464,133,66,67,153,70,83,8519,908,7611,254,95,159
2025-02-14,295,102,193,286,112,174,2033,454,1579,5795,916,4879,236,104,132,185,80,105,1085,380,705,680,207,473,147,68,79,150,66,84,8163,881,7282,263,93,170
2025-02-15,274,82,192,250,76,174,2037,363,1674,5548,738,4810,255,85,170,178,68,110,981,209,772,667,118,549,124,57,67,156,63,93,7361,488,6873,257,83,174
2025-02-16,268,78,190,222,70,152,2320,430,1890,4784,668,4116,244,89,155,157,70,87,991,165,826,645,116,529,136,57,79,93,0,93,7582,501,7081,252,70,182
2025-02-17,274,95,179,257,102,155,2854,774,2080,4747,924,3823,229,95,134,198,89,109,1124,377,747,673,219,454,135,68,67,178,85,93,8705,910,7795,280,104,176
2025-02-18,281,102,179,259,93,166,2970,709,2261,5678,945,4733,235,70,165,194,95,99,1114,388,726,655,190,465,135,66,69,150,64,86,8143,874,7269,266,99,167
2025-02-19,282,101,181,282,112,170,2758,775,1983,5700,952,4748,238,91,147,191,83,108,1053,341,712,658,201,457,138,64,74,174,66,108,8092,884,7208,253,91,162
2025-02-20,265,95,170,268,123,145,2391,627,1764,5952,952,5000,234,85,149,193,93,100,1107,388,719,714,229,485,141,68,73,141,59,82,8030,888,7142,267,87,180
2025-02-21,262,83,179,276,116,160,1977,583,1394,5567,950,4617,240,83,157,191,87,104,1022,346,676,672,179,493,137,64,73,184,72,112,8535,933,7602,259,91,168
2025-02-22,260,80,180,307,83,224,1893,324,1569,5694,751,4943,241,76,165,173,63,110,964,184,780,706,99,607,137,61,76,169,63,106,9077,625,8452,213,59,154
2025-02-23,296,93,203,307,66,241,1748,324,1424,5409,777,4632,228,76,152,178,74,104,980,179,801,591,120,471,131,61,70,166,57,109,8996,578,8418,211,64,147
2025-02-24,316,133,183,238,89,149,1980,535,1445,5075,944,4131,233,76,157,203,101,102,1077,364,713,655,208,447,146,70,76,157,61,96,9393,959,8434,215,72,143
2025-02-25,292,116,176,240,99,141,1950,558,1392,4601,925,3676,233,74,159,187,101,86,1136,357,779,643,195,448,152,78,74,146,64,82,9458,979,8479,233,78,155
2025-02-26,276,102,174,244,112,132,1865,498,1367,3581,879,2702,240,85,155,173,76,97,1160,409,751,624,194,430,146,70,76,156,72,84,9485,954,8531,247,99,148
2025-02-27,281,97,184,246,120,126,1830,495,1335,3789,933,2856,219,70,149,196,83,113,1107,372,735,624,195,429,144,61,83,154,63,91,9276,957,8319,221,102,119
2025-02-28,254,93,161,257,112,145,1521,360,1161,3433,858,2575,221,74,147,167,74,93,918,290,628,647,194,453,145,61,84,165,66,99,9122,928,8194,239,78,161
2025-03-01,288,80,208,217,76,141,1340,201,1139,3472,557,2915,210,74,136,173,64,109,978,222,756,690,112,578,141,59,82,171,59,112,8732,589,8143,220,66,154
2025-03-02,259,82,177,234,66,168,1467,271,1196,3206,595,2611,243,78,165,150,61,89,856,186,670,566,101,465,66,0,66,190,72,118,10090,701,9389,208,63,145
2025-03-03,243,89,154,216,93,123,1625,475,1150,3472,870,2602,228,80,148,182,78,104,1066,343,723,626,193,433,133,63,70,189,83,106,12191,1087,11104,236,82,154
2025-03-04,252,91,161,226,95,131,1656,510,1146,3546,873,2673,247,93,154,195,76,119,1015,349,666,593,173,420,137,64,73,161,66,95,12499,1069,11430,236,87,149
2025-03-05,274,104,170,230,95,135,1680,493,1187,3511,885,2626,259,97,162,172,80,92,1009,343,666,584,186,398,135,72,63,150,64,86,12808,1178,11630,228,87,141
2025-03-06,260,97,163,208,91,117,1540,423,1117,3698,868,2830,257,87,170,158,82,76,979,335,644,581,191,390,128,59,69,161,68,93,13150,1168,11982,219,76,143
2025-03-07,259,93,166,205,83,122,1440,386,1054,3666,882,2784,219,87,132,167,76,91,1017,304,713,563,175,388,137,64,73,174,68,106,12605,1145,11460,227,72,155
2025-03-08,263,78,185,215,70,145,1551,219,1332,3673,644,3029,229,85,144,156,61,95,860,183,677,690,118,572,69,0,69,146,63,83,9718,729,8989,223,68,155
2025-03-09,259,78,181,181,63,118,1653,248,1405,3451,527,2924,269,95,174,157,64,93,946,191,755,599,102,497,67,0,67,164,59,105,9447,675,8772,213,70,143
2025-03-10,268,108,160,193,85,108,1914,443,1471,3864,907,2957,221,82,139,197,102,95,1154,411,743,656,202,454,128,59,69,161,66,95,10119,1033,9086,226,82,144
2025-03-11,249,87,162,211,101,110,1756,440,1316,4047,902,3145,220,76,144,176,76,100,1054,312,742,531,154,377,139,59,80,163,70,93,9933,997,8936,236,97,139
2025-03-12,294,112,182,233,101,132,1753,442,1311,3684,879,2805,249,89,160,179,70,109,1014,350,664,635,176,459,120,57,63,150,61,89,11027,1042,9985,221,78,143
2025-03-13,273,89,184,205,97,108,1987,484,1503,3812,881,2931,238,78,160,173,82,91,1135,386,749,627,200,427,137,66,71,179,80,99,10737,1089,9648,216,80,136
2025-03-14,273,106,167,221,83,138,1683,389,1294,3632,864,2768,220,72,148,176,76,100,1199,332,867,658,200,458,150,66,84,183,74,109,11466,1104,10362,214,63,151
2025-03-15,254,72,182,206,76,130,2044,250,1794,3606,574,3032,240,78,162,174,57,117,940,193,747,654,137,517,135,61,74,158,63,95,12817,859,11958,234,72,162
2025-03-16,289,87,202,213,72,141,1862,270,1592,3484,516,2968,229,78,151,160,63,97,885,182,703,613,127,486,130,57,73,200,68,132,10099,639,9460,209,68,141
2025-03-17,258,93,165,262,108,154,2104,457,1647,3798,916,2882,232,83,149,204,89,115,1047,389,658,568,207,361,133,66,67,198,72,126,10222,991,9231,235,80,155
2025-03-18,279,114,165,224,106,118,1900,519,1381,4187,950,3237,253,104,149,201,97,104,1090,405,685,638,225,413,133,66,67,174,72,102,9784,947,8837,232,85,147
2025-03-19,268,123,145,215,93,122,2959,464,2495,3927,935,2992,221,70,151,188,83,105,1067,377,690,657,216,441,140,61,79,190,78,112,8977,948,8029,233,82,151
2025-03-20,257,112,145,246,121,125,4020,484,3536,3869,903,2966,245,83,162,198,83,115,1035,354,681,639,223,416,134,63,71,200,82,118,8990,953,8037,241,93,148
2025-03-21,257,91,166,225,89,136,3235,369,2866,3756,859,2897,239,91,148,162,70,92,1049,386,663,686,211,475,134,61,73,192,80,112,8673,934,7739,232,85,147
2025-03-22,245,72,173,219,74,145,2425,215,2210,3576,549,3027,217,66,151,177,64,113,886,182,704,713,123,590,153,64,89,181,63,118,8052,619,7433,249,70,179
2025-03-23,274,89,185,239,76,163,2253,262,1991,3567,575,2992,221,72,149,196,87,109,953,198,755,649,135,514,145,63,82,186,64,122,8154,586,7568,219,68,151
2025-03-24,279,83,196,228,102,126,2585,414,2171,3563,899,2664,250,95,155,184,82,102,1009,346,663,638,204,434,119,59,60,191,66,125,9150,1184,7966,233,74,159
2025-03-25,286,93,193,219,89,130,3161,454,2707,6006,943,5063,260,95,165,170,64,106,1173,361,812,585,195,390,135,66,69,172,66,106,9156,1030,8126,254,91,163
2025-03-26,259,85,174,227,91,136,2348,371,1977,5578,929,4649,266,104,162,201,91,110,1212,372,840,601,190,411,126,57,69,178,72,106,9535,1003,8532,263,101,162
2025-03-27,262,95,167,236,97,139,2758,389,2369,5429,926,4503,249,87,162,204,99,105,1057,333,724,674,213,461,130,61,69,202,72,130,11016,1067,9949,225,87,138
2025-03-28,265,95,170,226,83,143,2593,346,2247,5207,926,4281,243,104,139,177,80,97,1144,319,825,674,198,476,131,68,63,189,66,123,12966,1103,11863,216,85,131
2025-03-29,267,82,185,192,70,122,2283,259,2024,5278,699,4579,248,74,174,163,63,100,1043,211,832,654,148,506,128,59,69,182,57,125,12036,813,11223,214,63,151
2025-03-30,288,93,195,203,68,135,2365,264,2101,4954,696,4258,259,82,177,165,66,99,959,191,768,569,101,468,141,61,80,190,64,126,11612,718,10894,212,64,148
2025-03-31,257,106,151,185,83,102,1826,366,1460,3771,924,2847,244,93,151,187,95,92,996,394,602,538,208,330,130,63,67,179,83,96,10232,1143,9089,198,83,115
2025-04-01,291,106,185,204,99,105,1720,385,1335,4884,936,3948,252,93,159,190,85,105,1077,340,737,631,229,402,134,64,70,165,63,102,9953,978,8975,244,70,174
2025-04-02,252,87,165,239,114,125,2332,392,1940,5302,950,4352,234,83,151,155,72,83,1037,371,666,613,183,430,130,61,69,179,70,109,9467,996,8471,233,78,155
2025-04-03,259,91,168,237,89,148,2159,344,1815,5159,925,4234,212,82,130,192,82,110,1008,313,695,687,198,489,130,63,67,180,70,110,10121,1051,9070,266,106,160
2025-04-04,240,74,166,220,59,161,3422,166,3256,5145,709,4436,269,85,184,174,72,102,987,169,818,820,116,704,136,57,79,169,57,112,11042,642,10400,260,61,199
2025-04-05,253,72,181,221,64,157,3837,254,3583,4974,606,4368,255,110,145,175,57,118,939,159,780,716,102,614,129,64,65,191,57,134,12301,654,11647,234,61,173
2025-04-06,254,76,178,233,76,157,1706,276,1430,4555,633,3922,258,99,159,167,57,110,910,191,719,634,123,511,143,61,82,192,61,131,8794,560,8234,234,72,162
2025-04-07,261,93,168,258,114,144,1849,448,1401,4751,952,3799,278,123,155,191,89,102,1113,391,722,668,229,439,131,61,70,251,93,158,8789,1060,7729,254,80,174
2025-04-08,277,101,176,254,97,157,1909,436,1473,5245,957,4288,261,97,164,195,83,112,1011,338,673,683,208,475,133,59,74,360,118,242,8615,979,7636,291,82,209
2025-04-09,265,97,168,255,101,154,1615,411,1204,4868,1017,3851,221,82,139,201,83,118,981,333,648,665,215,450,135,59,76,436,106,330,8440,1066,7374,258,104,154
2025-04-10,263,89,174,221,85,136,1533,347,1186,4985,981,4004,264,125,139,202,85,117,1026,360,666,594,172,422,145,63,82,367,99,268,9494,1094,8400,261,95,166
2025-04-11,272,91,181,254,87,167,1650,341,1309,4644,935,3709,219,70,149,182,74,108,963,326,637,677,177,500,140,57,83,403,101,302,11315,1230,10085,250,82,168
2025-04-12,257,76,181,234,74,160,1516,279,1237,5116,741,4375,242,82,160,182,74,108,955,239,716,667,135,532,142,59,83,500,74,426,12871,902,11969,207,68,139
2025-04-13,256,76,180,233,68,165,1410,234,1176,4459,670,3789,237,70,167,171,66,105,976,222,754,653,150,503,76,0,76,504,74,430,9449,699,8750,214,63,151
2025-04-14,280,116,164,306,127,179,1546,391,1155,4532,946,3586,246,87,159,196,91,105,1013,347,666,680,208,472,141,70,71,268,87,181,8285,968,7317,242,93,149
2025-04-15,280,97,183,255,110,145,1501,377,1124,4768,952,3816,233,97,136,191,83,108,1087,346,741,649,234,415,143,61,82,190,72,118,7479,927,6552,239,91,148
